142
90 0
69 0
134 69
56 76
131 0
116 0
122 0
113 0
137 0
110 0
66 0
49 0
35 28
9 0
89 0
96 0
92 0
117 0
78 0
107 0
103 0
36 0
1 0
77 0
96 93
136 0
96 104
83 0
101 0
20 0
22 0
80 0
93 0
15 0
25 37
89 45
7 0
37 0
97 0
40 142
47 0
18 0
62 0
139 0
43 0
118 2
125 0
87 0
96 67
96 119
121 0
102 0
81 0
34 0
28 0
112 136
81 23
24 0
14 0
33 0
73 0
106 0
100 0
101 16
44 0
31 0
54 0
41 0
71 0
134 0
95 0
120 0
89 29
112 1
63 0
137 12
53 0
58 0
119 0
3 6
118 56
29 0
118 87
109 0
82 0
94 0
129 0
98 0
56 99
112 113
104 0
105 0
118 0
51 0
85 0
112 122
142 0
76 0
134 32
42 0
90 66
88 0
38 0
140 0
40 0
132 0
114 0
19 0
111 0
4 0
23 0
40 141
13 0
16 0
124 0
10 0
56 0
40 129
8 0
133 0
27 0
57 0
40 15
50 0
112 0
55 0
61 0
115 0
36 7
135 0
12 0
35 0
6 0
56 86
84 0
128 0
112 46
45 0
39 0
25 92
86 0
70 0
