439
176 63
429 0
174 0
118 0
195 265
163 0
147 0
106 0
17 0
382 0
326 0
354 0
14 0
248 0
414 0
341 0
314 411
214 0
224 0
397 0
255 0
109 0
40 91
252 0
216 0
47 0
281 0
321 0
46 0
383 0
21 0
413 13
323 0
52 0
413 228
69 293
63 0
61 257
261 0
78 317
175 0
146 0
404 0
275 0
362 0
386 0
306 0
78 14
39 0
337 53
231 0
91 0
392 224
330 0
278 0
349 0
384 112
71 0
243 0
376 0
69 399
88 0
228 86
410 0
19 0
346 0
184 0
279 0
235 412
353 0
126 0
289 0
436 0
298 0
345 0
293 0
176 0
61 339
314 297
104 0
148 246
317 0
304 0
305 0
411 0
209 49
356 0
95 0
5 5
244 0
235 404
100 278
49 0
120 0
36 281
56 0
270 0
169 171
12 0
61 363
191 0
197 0
319 0
295 0
337 0
373 0
263 0
93 0
86 0
34 0
58 0
351 0
355 0
228 56
402 0
205 0
199 0
26 0
303 0
256 0
89 0
400 0
374 0
357 0
110 0
223 0
221 0
265 0
283 0
368 0
169 174
145 0
269 0
280 0
437 0
432 0
166 376
51 0
393 0
36 169
274 0
165 313
209 0
113 0
194 0
336 0
69 152
330 304
143 0
320 0
237 0
166 0
423 0
435 0
98 130
128 0
228 0
381 132
168 0
312 0
83 0
297 0
122 0
240 0
330 433
165 421
235 0
142 104
288 177
212 0
241 0
260 0
186 0
248 238
195 0
413 333
233 0
7 0
105 0
115 0
381 336
42 0
322 40
193 0
332 0
286 0
409 115
310 0
207 0
330 193
335 0
66 0
301 0
125 0
235 385
41 0
419 0
431 0
343 359
102 0
267 0
384 0
337 168
5 0
343 0
16 0
209 98
4 0
36 204
360 0
359 0
228 326
35 64
130 0
168 80
64 0
300 0
81 0
74 0
107 0
35 0
308 0
333 0
149 0
251 0
394 0
3 0
330 406
222 0
402 131
181 200
79 0
213 52
421 0
330 425
151 0
290 0
90 0
92 0
170 0
226 0
424 0
183 0
219 0
390 0
278 81
347 0
343 370
268 0
185 0
273 0
159 0
229 0
62 0
239 0
203 122
425 0
272 0
415 0
133 0
45 0
77 0
358 0
44 0
78 236
60 0
380 0
202 0
148 0
171 0
61 0
31 0
409 0
352 0
416 0
150 0
350 0
378 316
75 0
340 0
388 0
144 0
201 0
242 0
112 0
100 109
134 0
375 268
277 0
22 0
63 4
403 0
282 0
276 0
371 0
206 0
82 0
392 188
152 0
253 0
196 0
161 0
182 0
100 0
413 0
325 0
117 0
232 0
2 0
363 0
287 0
8 0
439 0
166 418
164 0
198 0
165 251
284 0
234 0
69 114
167 0
278 181
24 0
121 0
190 79
136 0
208 0
218 0
154 0
330 439
314 19
59 0
84 0
396 0
428 0
13 0
235 260
53 0
248 167
6 0
266 0
264 0
235 417
67 0
23 0
35 57
156 0
322 33
385 0
94 0
204 0
329 0
127 0
318 0
180 0
227 0
288 0
370 0
343 256
169 0
98 0
166 214
322 0
137 1
137 0
412 0
116 0
189 0
190 0
139 0
36 0
85 0
426 0
315 0
166 390
137 309
9 0
343 337
30 0
29 0
248 338
399 0
230 92
288 247
375 0
176 149
401 0
271 0
422 0
348 0
155 0
69 315
359 159
339 0
367 0
131 0
211 0
176 160
200 0
165 30
254 0
393 144
262 0
236 0
389 0
379 0
1 0
27 0
61 335
407 0
80 0
108 0
235 348
70 0
328 0
307 0
38 0
173 0
32 0
384 67
54 0
331 0
69 0
165 0
369 0
317 74
418 0
138 0
174 32
250 0
142 0
365 0
69 50
438 0
391 0
434 0
123 0
338 0
73 0
