1167
1145 0
441 0
48 0
1160 0
227 0
643 0
440 0
260 0
478 442
732 0
380 0
477 0
1142 499
846 0
468 0
819 1040
815 0
1111 0
178 0
482 0
284 0
449 0
1163 528
425 0
1103 0
929 0
201 0
767 0
935 0
920 0
157 0
1020 0
743 0
161 0
396 0
801 0
449 0
201 690
598 0
859 0
756 0
394 0
444 0
708 0
1031 0
446 0
128 0
38 266
729 0
860 0
456 0
612 0
562 0
555 923
9 392
259 0
1142 107
467 0
295 0
483 0
866 0
41 0
883 0
689 481
952 0
481 0
889 0
718 0
118 0
277 0
955 0
44 0
236 0
536 0
28 0
1035 0
283 0
1086 0
773 0
1155 0
1083 0
978 0
661 0
774 0
260 1056
568 0
619 0
796 0
688 0
1156 0
300 0
939 0
1014 0
233 0
331 0
378 0
971 466
655 1079
1006 0
342 0
230 0
328 0
998 0
390 0
602 0
513 0
1105 1098
249 0
196 0
975 0
1142 1066
794 0
740 0
871 0
107 0
138 0
478 0
842 0
1115 0
147 0
445 0
758 0
678 0
522 0
744 0
1165 0
391 0
1151 0
616 0
790 0
544 0
1076 0
525 0
301 0
765 0
1045 0
36 0
499 0
168 0
1072 0
979 0
119 0
85 1039
680 0
327 0
1010 0
762 0
443 0
953 0
500 0
148 0
885 0
610 0
166 0
516 0
542 0
1113 0
341 0
98 0
492 0
858 0
503 0
1086 0
35 0
422 0
795 0
534 0
755 0
534 0
670 0
1032 0
392 0
1147 0
420 0
532 0
37 0
1161 0
584 0
687 0
442 0
750 0
734 0
1062 0
379 0
695 0
939 0
849 0
99 0
803 0
265 0
244 0
38 0
150 0
272 0
321 0
81 0
769 0
933 0
820 829
364 0
111 1024
68 0
763 0
1129 0
923 0
1073 0
113 0
698 0
587 0
468 922
563 0
569 0
654 370
104 0
1141 0
360 498
186 0
855 0
339 0
408 0
29 0
1011 0
457 597
927 0
915 854
990 38
1089 402
632 0
604 0
47 0
671 0
655 0
1128 0
1140 0
689 924
876 0
497 0
229 0
4 0
457 958
216 244
403 0
909 0
554 0
940 0
214 0
654 999
1049 0
1063 0
329 0
368 0
906 0
735 0
1051 0
641 0
60 0
668 0
529 0
188 0
1105 1086
372 0
211 0
809 0
952 0
471 0
212 0
760 0
901 0
624 0
489 0
959 0
533 0
73 0
240 0
317 0
540 0
1058 0
253 0
210 747
734 0
275 0
669 0
798 0
510 0
991 0
684 0
430 0
358 0
818 0
630 86
746 0
501 0
728 0
535 0
823 0
1109 0
654 0
1073 0
82 0
1006 841
158 0
718 55
634 0
260 1033
308 0
505 0
804 0
14 0
4 0
730 0
133 0
379 0
1116 0
180 0
37 0
689 606
248 0
831 0
1022 0
905 0
426 0
235 760
1131 0
927 342
116 0
887 0
732 437
274 0
778 0
88 0
603 0
117 0
221 0
464 0
567 0
13 358
629 0
247 0
950 0
299 0
409 0
311 0
276 0
1133 418
27 0
279 0
70 0
304 454
1089 319
679 0
932 0
123 0
397 0
337 0
385 0
143 0
151 0
400 0
1137 0
85 884
216 0
834 0
457 0
515 0
913 0
774 0
1003 0
241 0
814 0
144 0
908 0
102 0
1013 0
85 46
1065 0
1110 0
291 0
466 0
87 0
926 111
1167 0
1132 0
250 0
1057 0
61 0
320 0
794 0
543 320
520 0
405 0
98 1017
228 0
247 367
675 0
672 0
418 662
560 0
1076 0
482 0
267 0
224 0
1 0
146 0
289 0
861 0
334 0
612 0
439 0
581 0
1143 326
318 0
1074 0
359 0
12 0
319 0
775 0
365 0
98 918
296 0
928 0
880 0
843 0
836 0
766 0
234 0
223 0
33 0
1134 0
209 0
193 0
256 0
3 0
242 0
709 0
1050 0
395 0
818 0
667 0
980 0
304 815
941 0
1006 410
487 0
949 0
650 0
255 0
340 0
661 0
39 0
988 0
457 863
885 0
270 0
1163 0
268 0
427 0
1105 1055
596 0
1005 0
445 0
1095 0
97 0
555 287
213 208
911 0
86 0
261 0
915 1130
1059 0
371 0
514 0
74 0
224 0
585 0
469 0
863 0
890 611
107 819
797 0
589 0
493 0
1000 0
477 324
777 0
1106 0
881 0
434 0
903 0
779 33
356 0
1028 0
1053 0
1069 0
601 0
700 0
961 0
573 0
527 0
376 0
486 0
511 0
699 0
732 624
1149 0
333 0
1119 0
1136 0
396 197
517 0
937 0
799 0
1117 0
362 0
753 0
177 0
322 0
1024 0
263 0
1143 0
1075 0
534 0
418 0
429 0
437 0
608 968
42 0
689 0
696 0
199 0
679 0
658 0
369 0
582 0
973 0
412 0
692 0
316 0
79 0
67 0
1084 0
951 0
494 0
663 719
751 0
210 906
647 0
837 0
277 0
77 0
552 0
157 0
807 0
491 0
664 0
468 945
124 0
323 0
107 691
519 0
872 0
874 0
100 0
51 0
279 18
55 0
844 0
1056 0
974 0
438 0
574 0
661 0
582 231
1066 0
758 0
856 0
652 0
224 0
990 0
633 0
1138 0
657 0
1065 588
7 0
636 0
541 0
24 0
225 679
585 0
171 0
802 0
792 0
605 0
645 0
508 0
506 0
338 0
956 0
599 0
94 0
453 0
1042 0
451 0
754 0
989 0
344 0
864 0
917 0
1142 984
518 0
1006 541
1073 0
465 0
1026 0
504 0
714 0
242 0
214 0
589 0
402 0
759 0
26 0
666 0
34 0
225 45
1002 0
120 0
153 0
631 0
995 0
525 559
237 0
454 0
681 0
584 0
191 0
472 0
765 0
281 0
970 0
38 545
389 0
197 0
868 0
870 0
4 0
907 0
726 0
625 0
585 0
243 0
835 0
958 0
18 0
718 1112
1142 1149
1025 0
59 0
127 0
326 0
857 0
58 0
1112 0
143 820
1007 0
848 0
164 0
725 0
205 0
555 0
609 0
415 0
203 0
143 77
2 0
899 0
492 0
758 0
287 0
417 0
1158 0
925 0
386 0
1125 0
1142 803
432 0
265 0
483 144
1043 0
915 1111
507 0
132 0
942 0
787 0
1006 441
578 0
1028 85
165 0
610 302
897 663
877 0
115 0
595 0
748 0
648 0
621 0
833 0
908 0
377 0
5 0
198 0
883 0
257 0
693 0
891 0
700 0
120 0
23 376
718 1167
488 0
614 0
579 0
559 0
12 0
977 0
1081 0
353 0
330 0
50 0
95 0
512 0
1001 0
1077 779
627 0
416 0
292 0
539 0
623 0
814 744
1046 0
665 0
457 580
810 0
741 0
336 0
734 0
162 0
542 0
69 0
523 0
189 0
682 0
424 0
30 0
208 0
982 0
1040 0
6 0
916 0
1124 0
813 0
1148 0
912 0
884 0
776 0
704 0
556 0
90 0
867 0
888 0
137 0
788 0
160 0
1123 0
1127 0
288 0
306 0
175 0
749 0
820 868
172 0
694 0
1154 0
260 29
302 0
85 0
352 0
770 0
886 0
281 0
608 393
105 0
1078 0
349 0
1008 0
53 0
869 0
141 0
271 0
613 0
1143 797
9 172
924 0
1009 0
130 0
759 0
892 0
447 0
346 0
575 0
462 0
777 0
1055 0
821 0
654 932
960 0
451 241
1135 0
8 0
654 1049
107 1012
1030 0
531 0
155 0
1035 0
418 761
371 0
617 0
728 0
12 0
370 0
502 0
1146 0
642 0
608 0
663 222
13 0
761 0
56 0
326 0
343 0
298 0
440 67
66 0
852 0
110 0
348 0
622 0
125 0
126 0
844 0
832 0
1092 0
111 880
6 0
627 0
738 0
475 0
1054 0
220 0
383 0
204 0
713 0
1061 0
179 0
915 0
21 0
893 0
840 0
594 0
936 0
718 276
816 0
103 0
458 0
731 0
406 0
314 0
845 0
833 0
976 0
910 0
98 558
739 0
258 0
421 0
590 0
273 0
938 0
697 0
225 773
572 0
896 0
918 0
393 0
1068 0
345 0
915 898
750 0
106 0
1036 0
820 0
230 0
742 0
966 0
1079 0
546 0
420 0
538 0
219 0
897 0
727 0
49 0
43 0
617 0
1142 1139
1142 0
615 0
943 0
655 730
847 0
361 0
230 0
15 0
549 0
656 0
582 488
587 509
717 0
71 0
544 0
446 0
11 0
260 101
550 0
464 76
1105 504
215 0
819 0
10 0
576 0
1150 0
225 11
710 0
1125 0
1116 0
674 0
91 0
269 0
701 0
192 0
825 708
917 0
688 0
971 0
537 0
297 0
142 0
195 0
1163 256
381 0
890 0
621 0
240 269
777 0
85 523
142 0
159 0
684 219
542 0
779 0
396 567
997 0
592 0
926 0
285 0
793 0
800 0
947 0
428 0
703 0
1105 634
873 0
972 0
495 0
232 0
817 0
375 0
282 0
226 0
201 277
719 0
207 0
612 0
1056 0
202 0
651 0
62 0
545 0
1045 0
278 0
1096 0
865 0
1142 105
75 0
80 0
98 1063
853 123
948 0
685 0
459 0
644 0
781 0
262 0
477 429
845 0
492 0
783 0
370 0
845 0
435 0
653 0
286 0
423 0
528 0
882 0
965 0
806 0
687 106
332 0
64 0
281 0
213 0
322 568
1125 0
557 0
859 0
1035 0
828 0
375 0
324 0
1101 0
173 0
1107 0
1023 0
210 0
476 0
361 0
293 0
561 0
304 0
356 0
6 0
526 0
498 0
791 0
194 0
354 0
170 0
983 0
849 0
1121 0
780 0
13 133
737 0
85 845
17 0
968 0
213 311
608 184
1106 0
363 0
463 0
752 0
23 0
450 0
894 0
1105 1157
1130 0
1144 0
1106 0
985 0
18 0
1089 0
718 1123
448 0
114 0
764 0
583 0
54 644
1004 0
461 0
768 0
1013 0
1062 0
360 0
1041 0
639 0
1102 0
515 0
1017 0
663 163
517 0
361 0
1086 0
718 1158
325 0
145 0
1051 0
413 0
543 0
721 0
479 0
862 0
120 0
1133 0
857 0
1097 0
591 0
565 0
558 126
1067 0
517 0
455 0
32 0
305 0
364 0
304 849
1088 0
782 0
111 0
702 0
844 0
1163 535
1157 0
606 0
640 0
564 0
851 0
781 0
109 0
919 0
718 1156
240 853
967 0
1100 0
784 0
496 0
986 0
1152 0
108 0
895 0
875 0
545 325
981 0
724 0
140 0
93 0
954 0
474 0
635 0
992 0
44 0
819 701
352 0
98 149
40 0
853 0
