6682
48 0
2939 0
76 1941
4029 0
3276 0
4116 0
5937 0
3059 0
3763 0
5671 0
1108 3849
5281 0
4361 821
3496 0
6233 122
1007 0
5167 0
5795 0
5284 0
1517 6427
1181 0
1832 3301
3739 0
2942 0
1245 0
613 3198
1948 0
1990 0
4020 0
5387 0
5807 0
3576 4504
2124 0
4844 0
5053 0
5030 0
4723 0
1425 0
1945 0
908 0
1588 0
1392 2427
1443 1939
3941 0
4804 0
987 0
3802 0
2277 0
5595 0
3186 6237
5863 5505
1223 0
6597 0
1136 0
5699 1288
5566 0
4107 5133
3621 0
3970 1930
2739 0
1455 0
913 0
3704 0
269 0
5542 0
494 0
5724 3514
387 0
3684 0
2009 0
4072 0
693 0
4443 0
3636 0
4194 926
5481 3289
5999 0
5238 0
4174 0
2292 0
5208 5715
3788 0
3370 3435
1523 0
1975 0
1666 0
6347 0
4471 0
730 0
6054 280
5361 0
1999 0
2114 0
5833 0
5908 0
5377 0
5371 2654
6616 0
1778 0
1407 6141
5037 0
3640 0
78 0
6433 0
5502 0
3181 3000
4157 0
3237 0
2763 2311
5594 6176
5262 0
2478 0
3027 0
23 0
3724 0
5806 0
6575 0
2360 0
5644 0
5215 0
1479 0
955 0
4205 0
5006 4402
195 0
5135 0
4568 0
4368 0
2142 0
20 0
1540 5075
892 0
3249 0
6393 0
6030 484
6634 0
1009 0
5797 0
6416 0
2035 0
4080 2594
3535 0
3149 2307
4070 0
2285 0
458 4852
5842 0
50 5393
3884 0
3444 0
2979 0
5520 0
1646 0
6519 0
954 721
1734 5751
4854 2316
5791 0
3522 0
1937 0
3431 0
1345 5141
2414 6085
3491 0
6405 2735
42 0
5949 1298
2375 4383
6284 0
5051 0
3129 0
2817 0
1492 1795
3869 0
2004 0
79 0
4613 0
6070 0
1045 0
744 1012
6148 0
993 0
282 0
369 0
2797 0
5202 0
6551 0
3497 5700
4870 1022
6458 0
4540 80
3954 0
5129 0
6223 4158
5838 0
1676 0
846 0
1974 3300
2050 0
869 0
3387 2166
4770 0
1076 0
3369 4375
2633 383
3435 0
1037 0
4792 0
4034 0
3197 0
4748 5428
2825 0
4445 0
3575 0
3598 0
1321 679
1445 0
312 0
1706 4662
2785 4315
1436 0
2240 0
2227 0
886 0
1815 0
1084 0
4353 0
2695 0
2489 0
744 0
2342 0
5328 0
5670 0
4602 0
5633 0
4705 0
6630 1864
1108 2416
1121 0
6184 0
2921 0
837 0
3837 6406
4732 0
6187 0
5307 6364
2150 4090
330 0
1848 0
6648 6231
5680 0
268 0
6574 393
3247 0
2287 0
3826 0
4920 0
6669 492
2484 0
3758 0
1919 0
44 0
4910 0
2730 0
3792 0
1624 0
5939 0
2123 0
5986 3047
5649 0
6249 0
1689 0
6431 0
1450 3732
2420 2156
801 0
2553 0
1905 0
5951 4798
1307 0
5970 0
3857 0
5101 0
2165 0
3664 1290
867 5197
2830 0
3721 0
1348 0
1600 0
625 0
6594 1755
2156 0
6096 0
1164 0
2202 0
4959 3952
4264 1766
4465 0
2485 0
6474 0
3981 0
2935 0
2987 0
2763 0
3334 0
4607 0
5190 5608
4235 2259
923 0
20 5805
3665 378
618 0
6170 0
6593 249
6481 3461
2348 2590
6403 0
2528 3031
5989 0
5338 2890
4685 0
3816 0
2564 0
849 1526
2031 4626
5435 0
5650 0
967 0
269 1693
3287 0
4984 0
3433 0
6142 0
6580 0
5190 0
402 0
1288 0
4448 749
240 0
57 2908
5175 0
337 0
3084 0
2868 0
3719 4234
6195 0
3821 0
3265 2538
6210 0
2535 0
6174 2034
5674 0
6374 0
3644 0
729 6418
1725 0
2556 0
5406 1747
3376 0
1737 0
2640 0
2385 0
3263 2201
3414 0
5434 5475
6083 0
5482 0
5576 0
266 0
3710 0
1287 0
4963 0
1394 6667
1358 4572
473 0
2109 0
5419 0
1762 0
380 6682
1517 6618
5675 0
2239 0
6537 0
5290 0
3359 0
408 1130
3077 0
5070 5786
728 1083
1450 6638
1553 0
3867 0
3182 0
772 0
4457 332
1187 0
4999 0
3923 1165
1169 155
1934 0
5651 0
642 6192
3723 0
4828 0
4538 0
5307 2857
1358 4596
1664 0
2060 0
2944 2026
3574 0
5664 3105
5234 28
232 0
722 0
3010 0
3122 0
1794 0
4891 0
1522 2041
1180 0
2946 0
3377 0
769 0
4386 0
2288 0
4178 0
3708 0
6374 2648
4330 0
6578 0
903 0
1333 5937
4462 4085
3279 0
5873 0
1087 0
6573 2443
452 0
1679 0
2166 1743
211 4600
935 582
4912 0
4922 0
2985 0
781 0
270 0
6214 0
5434 0
3306 6032
852 0
3474 0
4508 0
2710 0
567 0
6648 6053
642 4725
6226 0
5502 5851
3557 0
1053 0
729 0
1093 0
3932 0
4417 0
2573 0
3858 0
1349 0
4592 0
1740 0
250 5870
989 0
96 0
5952 1047
2150 6453
4498 0
5810 0
6576 0
5028 0
4264 0
3198 0
1490 0
2259 0
3561 0
3682 4397
2839 0
2016 0
339 0
4395 0
2477 451
326 2361
1672 0
3176 0
3514 0
1705 619
6314 0
1821 0
596 0
2700 3283
472 0
4452 0
5327 0
6678 0
3747 2483
3764 0
4213 4536
5683 0
6422 0
3623 0
4084 4298
5233 0
5897 0
1545 2584
1701 0
4527 0
5341 4471
4731 0
3983 0
2490 0
1262 4561
3437 0
3263 6624
4961 0
3761 0
4756 0
3392 0
5834 0
5530 0
5671 3121
2255 0
2955 0
3747 5695
4378 0
5061 0
1968 0
4453 0
6338 0
3734 0
988 0
5863 5419
2351 0
1252 0
3653 2011
2901 0
2572 0
6087 0
2511 2948
3065 0
1593 0
6036 0
2392 0
786 0
5380 0
1319 0
2213 0
1902 3629
146 2847
3324 0
1338 0
853 0
6408 0
1891 5152
5830 4485
435 3760
5468 0
2567 0
2840 3123
4376 0
5020 0
319 0
3136 0
1359 0
3739 469
4220 0
5124 0
5318 3696
1135 3559
6549 0
4218 0
3657 3093
3171 983
6282 437
222 0
4317 0
5131 0
423 0
2097 4943
5211 0
3951 0
1322 5279
5845 0
4193 2513
93 0
1268 0
4456 4532
2993 0
4565 0
6297 0
3865 354
4389 3707
3183 4251
4439 0
632 0
1741 0
5075 0
1723 0
6173 0
2057 0
1441 0
2497 0
1152 4597
895 0
6221 0
1540 466
2604 0
5745 0
5357 0
6446 0
2174 0
6474 310
3437 4352
4885 0
2164 0
5322 2351
6218 0
2520 3168
1183 3245
1384 0
6289 0
5594 5642
84 0
538 0
4840 0
982 6369
1021 0
4158 0
6560 0
6654 3493
4040 0
5070 6309
5003 0
523 0
4802 433
3821 611
3914 0
1621 0
2545 0
5817 0
4887 0
6528 1560
2748 0
4274 0
6262 102
827 0
787 0
4942 0
6480 0
5812 0
4572 0
3227 0
5180 0
3271 0
6533 0
2960 52
4780 758
3815 0
6067 2818
5971 543
924 0
5384 5301
2393 0
1693 0
6648 5832
4248 0
3685 0
2768 0
4899 0
4367 0
1609 0
5301 5581
4309 0
86 0
2356 0
5562 2597
2343 304
5295 0
1399 0
6418 0
1692 0
2061 0
2960 0
2602 0
3595 0
6157 0
3195 0
2329 885
1770 0
1581 0
2483 0
1337 0
4716 530
2454 90
1375 0
4786 4778
1703 0
2533 0
2081 0
5916 0
3385 0
4462 1903
5401 0
4236 3440
4152 0
2859 806
3004 3173
2804 0
4483 0
5880 0
1742 0
1793 0
1199 0
5583 0
5528 4592
1813 0
5068 0
3391 3185
3882 6524
3894 384
3652 0
236 0
3570 0
2571 0
4342 2122
3411 0
835 0
3469 0
3351 0
3750 0
1822 0
6568 0
1488 0
4829 2973
253 0
5399 174
4361 0
2832 4072
5642 0
308 4835
4554 0
3512 0
5607 0
1674 0
5430 0
3567 0
4813 0
2009 1137
5341 2856
598 0
5332 0
5550 0
542 3866
1747 0
328 0
5498 0
5036 0
5043 0
3743 0
4786 0
6379 0
380 0
3797 0
2824 0
692 0
5820 0
6156 0
901 0
4119 5489
4547 0
4765 0
1598 0
2317 0
6206 0
3492 0
3541 0
3424 0
3023 0
6400 0
2948 0
5637 0
1004 0
2812 896
2599 0
1 0
5721 0
6677 0
3016 82
378 0
4104 0
4639 0
5319 0
324 0
1077 0
6657 0
1950 0
334 0
12 0
2668 0
1353 0
4001 112
2938 0
6372 0
5786 4324
857 0
4533 0
4144 0
6465 0
1532 0
2177 0
5787 3266
1334 4208
6381 0
6434 0
3821 3549
116 0
127 0
3840 0
5871 0
6570 0
4611 0
4699 0
5063 858
2561 0
3096 0
2372 4035
1667 0
421 0
1124 1355
4744 0
2241 0
4401 0
3851 0
2957 0
5039 1058
5120 0
616 0
5199 0
6674 4006
5181 0
2563 0
305 0
1486 0
926 0
6107 501
917 0
2492 0
4336 0
5412 0
1599 0
2102 0
4608 0
5247 0
1228 0
6615 0
5961 4330
3210 6500
3613 0
706 3958
2486 0
5636 0
687 0
5060 0
4597 1406
2626 0
2316 0
102 0
5523 0
311 3694
1585 0
1592 0
6039 0
2916 0
1561 0
2639 0
977 5337
5048 0
5413 0
4814 0
2188 0
2950 0
1988 0
3387 4719
5665 0
5350 0
3776 0
4789 1880
4314 3615
1061 0
5188 0
6404 0
1236 0
3807 0
5898 4089
4495 0
828 0
3959 1258
4779 4213
4917 0
3221 5398
2812 0
2152 0
5303 2776
5777 0
4176 6299
5264 0
2598 0
1047 0
3529 0
5208 6357
3175 0
4299 0
4244 0
1885 0
5818 599
4749 0
2372 4819
4149 0
2681 0
361 0
4007 2548
2721 0
2377 0
1704 0
5536 1453
2093 0
759 0
3118 0
5065 0
286 0
4992 0
1391 0
3299 0
5092 2218
5773 0
4578 0
2239 1116
97 2439
961 0
6168 0
6080 0
1312 0
2960 2656
1353 2095
3937 0
5887 0
106 0
6566 0
2248 0
471 0
5024 0
3527 2291
3524 3964
4087 0
5700 0
108 0
927 4228
1756 3226
2729 0
6438 0
858 0
968 3126
2834 0
149 0
745 0
1738 0
3882 6265
4990 0
2491 0
6273 442
6295 5253
5132 6472
2615 0
165 0
4955 703
5940 0
5532 3793
544 0
2860 1432
5278 1280
4534 0
2150 6630
5744 1212
2744 0
1789 0
5505 0
3865 0
6535 0
3592 0
448 0
213 0
5049 3268
4160 3233
4563 2320
2311 0
4677 0
6103 1982
3741 0
3524 1662
931 0
2869 0
3399 0
4716 3350
189 0
2509 0
3921 0
626 943
2014 0
3335 0
179 0
1248 5540
1505 0
1239 0
6542 0
2450 0
5689 0
4385 0
6182 5400
592 0
3838 0
1255 0
6023 0
5835 0
3669 0
3296 0
3227 1506
4411 6196
27 0
1175 0
620 0
2089 0
133 0
6542 676
4260 0
5489 0
208 0
1700 0
4168 0
3256 0
6095 0
4453 841
3688 0
3020 1120
1038 0
3026 2375
1243 0
72 0
1507 0
2549 0
5954 0
2502 0
2826 0
6078 0
5656 0
4176 0
4966 0
5588 0
3891 0
1827 6439
3166 2795
5863 6017
4341 0
6010 0
80 0
1955 1947
6356 3262
5360 0
5366 0
1092 0
605 0
5306 0
5560 1552
5616 5506
1732 0
5788 0
4614 0
311 0
51 0
2837 0
2614 0
980 0
507 0
3181 2249
630 0
1562 326
1769 0
915 419
4093 0
3006 0
2696 0
301 0
5040 0
4290 0
2098 0
3303 0
3036 0
4484 0
3747 5533
1888 0
1260 0
1546 0
5941 1733
1055 0
4289 6105
5291 0
1539 0
6389 0
1431 0
4551 0
3754 0
2054 0
2691 0
5317 0
981 3434
3524 2796
2997 0
1491 0
652 0
2712 0
2590 0
1051 0
4889 3667
5190 5544
5231 0
5007 5986
3395 0
4671 0
5870 0
4591 4440
880 0
5510 0
3549 0
5159 0
810 0
1028 4203
4856 0
5726 2359
5411 2519
5821 0
5544 0
3031 0
1945 4738
4481 0
281 0
5418 0
5521 0
834 0
6547 0
4262 0
6648 5815
3045 0
3375 0
6006 0
1484 0
3109 5353
4310 0
5007 4041
4137 1736
4491 2919
4838 0
4159 0
1326 0
5408 0
4286 0
629 478
1706 5978
842 0
3670 0
26 1189
3703 0
972 2644
5742 4002
2874 4100
2130 0
1028 0
2560 0
3031 5904
4859 0
3926 0
3740 2952
794 0
4854 4855
5189 0
5966 0
490 0
2176 0
6534 0
929 0
4351 0
3715 0
1997 0
2410 0
6464 0
224 0
5338 3921
406 0
1450 258
3418 0
5739 0
3039 2842
198 81
4261 961
4128 0
4526 0
166 0
3913 0
1316 0
6247 0
398 0
3278 0
3985 0
1827 6481
1572 0
3929 0
4113 0
1974 5935
5421 0
1782 0
2788 0
2985 3444
4781 0
2406 0
2251 0
2104 0
2298 0
180 0
5277 0
670 0
3773 3112
5260 2234
5174 0
1225 0
2530 0
4523 0
1675 0
4155 0
1931 0
4181 6191
6222 0
2840 0
3153 0
3966 675
3004 4437
2826 3782
2692 0
4473 0
6521 0
5904 0
2392 1985
4629 0
3128 3988
461 4917
6326 0
3060 0
712 0
2863 0
3398 0
5350 6070
5953 0
5560 0
375 0
190 0
1429 3677
4083 128
323 0
5023 0
6132 5060
1746 0
1227 0
4345 0
61 0
62 0
4892 0
6528 0
480 0
686 2561
3657 0
5961 0
4333 0
3657 3506
467 0
39 0
5708 71
3652 4384
1509 0
353 0
672 1860
3026 0
3281 0
4486 0
6057 0
3184 0
1005 0
3401 0
5055 0
4443 512
6637 0
3033 0
6261 0
2662 0
1996 0
3498 0
5537 3546
6197 0
443 3032
2512 0
5463 0
614 0
4127 2681
2752 0
6176 4479
3747 6167
5356 0
4637 181
3016 0
932 0
1352 2884
5801 2478
5185 0
2649 0
3295 0
3487 0
1517 6553
6049 4444
3263 0
65 0
3242 5026
6147 764
250 3913
4208 0
3546 0
5911 0
6543 0
610 0
4450 6558
6103 5840
346 2725
2150 6571
1477 0
979 0
672 0
366 5233
3109 5107
6306 0
1613 0
2367 0
496 0
977 6086
4188 0
1913 0
1034 0
2010 2942
4102 0
2278 0
508 1318
578 427
6288 0
175 0
3923 0
6481 0
1676 4975
2860 0
440 0
1378 0
6133 934
3912 0
5274 4514
13 39
1935 0
6427 0
629 0
1003 0
6614 0
6126 2553
3366 4845
572 0
2643 0
5057 0
3695 0
732 0
3854 0
3449 3295
1176 3924
380 6681
3151 0
2751 0
935 0
6417 4051
1385 4484
196 0
2930 0
2758 0
2056 0
367 0
3272 0
4919 0
2150 6623
3472 5652
6216 0
5573 0
2844 0
3957 0
5454 4629
3602 0
3804 3841
3026 2607
1132 574
5372 1468
4835 0
1883 0
6459 0
4544 0
17 0
4847 6149
4302 0
1235 0
2702 0
4590 4680
2414 4173
6056 0
6193 0
886 3407
2593 0
2598 2752
1125 0
2579 0
1812 0
5757 0
6291 0
371 0
1262 4873
6680 0
2283 4393
3054 0
2353 3659
3994 0
3058 2775
6351 0
1524 0
1699 6658
1036 871
2078 0
3958 0
2511 1963
1165 2224
4288 0
2766 0
3611 0
2262 0
1596 0
930 0
3362 0
2781 772
1167 0
2360 2450
2686 3447
1911 0
6613 0
6323 3103
204 0
2217 0
1089 0
5696 0
3980 0
2191 0
3645 0
5163 4728
4342 0
3352 0
4002 0
3643 0
978 0
2173 6010
4453 4672
1534 0
898 1408
697 0
2318 0
2659 0
3595 1976
1119 0
2820 2456
2254 0
3349 0
2669 0
1686 0
1665 0
4129 417
1884 0
4596 0
438 0
5605 5192
5978 0
830 0
6601 4123
3472 5998
1674 693
4798 3699
155 0
2827 0
241 0
3002 0
4865 2056
3378 0
1395 0
872 0
3263 6653
621 0
3950 0
6278 0
4107 3607
6544 5678
366 0
4476 0
3184 5080
1674 1448
4681 0
1620 0
2324 0
6509 0
192 0
867 0
3772 0
5830 5273
4929 0
4958 0
3273 119
3201 0
235 0
3183 5942
6189 0
4844 2128
1238 0
959 0
4613 2930
5696 1334
3805 0
5594 770
4219 0
5543 0
5575 0
1050 0
4708 0
2022 0
1615 0
3613 168
4315 4223
3501 0
2706 0
2762 0
110 3914
2441 2995
824 0
3648 0
1370 0
5407 0
531 0
4619 0
3485 0
5848 835
389 2499
3074 0
453 0
1936 0
1013 0
1981 0
1563 0
2430 0
3700 0
5433 0
4035 1183
6283 893
2684 1277
3898 0
2495 0
3757 401
6027 0
1506 5223
1839 0
742 0
5875 0
444 264
885 0
2546 0
2459 5054
4316 0
1847 0
6026 0
1028 2615
131 0
2570 0
2508 0
1766 0
5529 0
6085 0
5101 141
3139 0
2717 3488
3676 2066
3004 4746
5409 0
5913 0
2330 0
3488 0
5868 4345
6203 0
2043 0
2154 0
5147 0
4296 0
4263 0
2740 0
524 6523
1226 0
4002 4777
6542 4734
2153 0
493 0
381 6214
1302 0
6617 2718
640 2015
715 0
1711 0
4812 0
6024 0
815 0
3896 0
4254 0
3511 0
2542 0
6198 1020
4660 0
2007 0
4089 0
1019 0
1151 0
32 2543
5240 0
5101 872
118 0
1959 0
40 0
1360 0
2068 0
3013 0
4925 0
3894 6079
5631 4617
1321 0
6189 3616
1419 0
658 0
4107 1240
5708 0
1071 2337
6450 825
5485 2142
4522 0
1708 0
3362 1138
95 0
4780 2862
110 6153
637 0
4409 6363
3963 0
3738 0
3336 0
3635 0
4767 0
5278 0
1525 2766
4066 1783
1549 0
6630 2568
1608 0
4485 0
6462 0
3356 0
1875 3570
4406 2913
6473 0
1940 0
4285 0
1870 0
6207 1161
5591 0
1394 6674
3456 0
1517 5414
5009 0
6343 0
2781 0
6632 3609
6594 6318
4612 0
5307 0
3053 0
3597 0
1875 4343
985 0
6495 0
3638 0
4871 879
1256 0
1098 0
6469 0
3088 0
5458 0
6134 0
1353 4219
6629 0
569 1835
2924 0
3466 0
31 0
5502 685
4091 0
1040 0
2403 0
4854 2620
1792 0
3042 6437
2074 0
3500 0
6449 0
6668 0
5679 0
3463 0
2835 0
6299 0
1110 0
2609 0
559 0
3828 0
2160 1412
5 0
1237 0
1734 0
1733 0
3493 0
1165 0
6327 0
907 0
1262 4381
581 0
6130 2266
3403 0
4822 0
2736 0
3647 0
5350 2652
5585 0
2232 0
1135 5684
920 5710
5481 1495
3659 0
553 0
2412 0
1206 0
2990 0
934 0
3806 0
5818 0
3890 0
4324 0
2355 0
3258 0
1139 0
4652 0
5872 0
5388 0
5879 0
2277 3242
2179 0
3527 0
1319 460
1677 0
352 0
1571 0
1192 0
2813 1891
3387 1592
2118 0
4160 4153
5545 0
2276 0
3286 4792
1766 4731
4736 0
2832 4357
431 0
6617 0
3904 0
4408 0
2992 1452
4173 0
6189 789
4845 0
2790 0
6557 0
2290 0
4856 6246
262 0
5196 1503
197 0
5062 0
5779 0
2451 737
3260 1145
4866 0
3538 4516
3315 0
5254 0
380 6660
3954 2271
5886 0
2699 0
8 0
2029 3722
3753 290
1701 289
6313 0
1957 268
3004 3104
3221 3153
5914 0
6239 0
1195 0
4777 0
380 6574
5570 0
5587 0
6622 5485
5212 3215
6135 0
2540 0
5785 0
1466 3027
5563 0
6182 3845
4492 0
1902 4867
4799 0
5984 0
5962 0
2354 0
4129 1614
2806 784
678 0
4136 0
5919 0
5720 0
713 0
1022 0
6298 0
5067 0
5502 5969
1049 0
3742 0
4080 5308
3177 3939
5681 4732
4571 0
1790 0
5552 0
2343 0
4 0
2300 0
6405 0
4315 0
1955 0
2475 0
733 0
2494 0
134 0
4950 0
694 0
5943 6461
3094 3815
3143 0
1150 0
6371 0
711 0
6488 0
3234 5123
2297 0
2673 0
704 0
6168 5648
1992 1345
4674 0
5801 2686
1574 0
6127 0
3341 0
5703 0
5701 0
3085 0
623 3140
356 2422
4764 0
1933 0
1330 0
4771 0
2116 4185
5477 0
1841 0
2627 0
1686 626
3045 6334
636 6264
3306 3468
1258 0
3371 0
5150 0
6345 0
295 0
1506 0
5707 0
2103 0
3725 0
5246 0
5669 0
2867 4210
3979 0
4825 0
2279 0
2282 566
1306 0
2831 0
6548 2807
2335 5831
1582 0
5439 448
3773 0
393 0
6022 0
1511 0
2360 1034
2417 0
2 0
286 4974
3011 286
6223 2638
5996 0
3370 0
478 0
5824 0
5936 0
6421 0
4342 5514
3749 0
548 0
3047 66
1133 0
2914 0
5260 0
1540 0
1071 0
6409 0
920 6063
1103 0
5411 0
2231 0
2111 0
5537 0
3651 1689
156 2244
6489 0
1943 0
382 0
6116 0
3397 0
695 0
3166 1186
4261 996
4713 0
5664 2507
4459 5480
1023 0
5518 0
1014 0
1517 4956
11 0
3040 0
2036 0
5331 0
5310 0
2404 248
1805 0
5840 0
1176 5282
3386 0
4628 0
3232 3397
987 3525
4411 6099
6643 0
2650 0
4114 0
940 0
4290 2530
3502 0
3483 0
2327 0
3127 0
537 0
379 0
3134 842
977 0
2734 0
3253 0
4791 0
6132 447
3594 0
6207 5160
1341 0
4676 5511
6670 3601
3545 0
5000 0
765 0
3482 3051
2970 3974
1501 0
1754 0
5581 0
1820 0
4798 0
543 0
55 0
5792 0
2015 0
6567 0
963 0
2756 0
297 2804
6514 0
845 0
3972 0
4633 3218
6129 0
4625 0
2610 0
247 3871
5805 0
2090 0
5115 0
6545 0
6160 0
3274 0
1652 0
356 5148
1989 0
2401 0
1515 0
1443 1044
2678 0
2427 0
4010 0
5671 2994
2173 0
1886 0
3655 0
4725 0
6132 4068
3745 0
4541 3399
2162 0
2998 0
3148 0
4896 0
841 0
4129 864
3599 0
1767 0
6280 63
2772 0
943 0
3532 0
5766 0
2931 0
5681 5032
4915 5772
1033 0
4487 0
3506 0
250 0
5070 4745
5406 2466
3821 3267
6532 1721
4026 0
6213 0
3178 0
2927 0
563 0
6224 0
250 5862
1786 0
6305 0
2293 0
1843 4379
4740 0
1522 0
5726 5248
4409 5390
421 1075
6185 0
5463 4442
5894 3640
4316 4612
1857 0
243 0
2436 0
43 496
5227 0
5278 1361
2694 0
400 0
1776 0
6391 0
6646 0
2821 0
5389 0
4250 0
6179 0
990 0
906 0
4017 0
5831 0
1578 0
5590 0
92 0
2623 0
2636 0
380 6678
71 0
1196 0
5495 0
2764 0
73 0
6574 3636
3291 0
3000 0
964 0
6067 3052
5795 338
2421 0
6264 3416
4099 42
5049 3995
4847 5418
4357 0
5450 0
1265 0
6020 0
5142 0
4193 196
6648 6040
1979 0
3430 0
1846 2049
2715 0
6633 0
2102 104
1083 4093
4912 2488
1408 0
1843 0
5079 0
5621 0
4138 0
1448 0
4459 5455
3113 0
162 314
3818 0
673 0
6259 0
6598 0
4710 0
4793 0
1138 0
2580 0
6274 0
972 0
6167 0
3427 0
426 0
3371 571
5760 0
2159 0
6047 0
1557 0
5341 2176
4348 0
477 4526
2845 0
6229 0
6064 0
4176 1348
1318 0
1078 0
237 618
146 0
623 1610
6144 0
6412 0
4836 1144
992 5909
1924 0
3177 0
4541 4804
1173 0
4222 0
5218 0
4405 0
4604 6164
4437 0
1214 0
6030 0
4998 0
2833 0
2312 0
1187 2423
3990 2296
64 0
7 0
218 0
1590 0
515 2468
4163 0
675 5649
5974 0
1716 0
2291 1241
6131 0
4137 0
4849 1311
3372 1623
664 0
5427 0
364 0
5896 0
428 0
551 0
2616 0
3736 0
6038 0
1771 0
5440 0
4448 0
2536 0
3931 0
5168 0
4912 2342
4701 0
202 0
1796 0
2352 0
5145 0
5883 0
3998 4248
5961 3854
1502 0
372 0
5004 0
3184 5900
3692 6285
1152 0
1400 0
4375 0
5341 0
2203 0
2806 0
6541 0
3877 1806
1604 0
5196 0
376 0
6335 0
4422 0
4810 0
5092 1483
1420 0
4055 0
888 0
2628 351
6594 960
5315 0
5604 0
603 0
6390 0
3499 0
3834 0
1980 0
279 3577
6277 0
2117 0
124 4322
3031 6252
3409 0
3505 0
6198 0
1583 0
2253 0
5134 0
5620 0
6675 0
4067 0
2811 3567
1964 876
2314 0
50 1844
1394 2493
5928 5593
5824 2698
15 0
1344 0
356 0
1843 5833
3494 0
818 0
5991 0
3290 0
1263 0
4203 0
201 1765
2874 606
1564 0
4038 0
1261 0
4380 0
5433 5132
1846 0
6133 3765
1701 4048
947 224
2232 5799
3248 0
2230 0
1191 0
5251 0
1612 0
2464 0
3967 2821
2128 0
584 0
4369 4218
2595 1107
4175 0
4077 4706
3665 3431
690 0
3872 5095
4372 0
5517 0
2414 6583
188 4644
4631 0
1407 5915
1414 0
4933 0
299 0
2346 0
4633 0
1496 0
4441 0
3696 0
1046 0
1554 0
4775 0
2506 0
763 0
3030 0
1450 6625
1315 1232
3109 3330
5549 0
5035 0
5772 0
3400 0
1145 0
2418 0
6051 0
4209 0
6479 0
6386 0
4766 0
1870 394
1637 0
2455 0
3373 0
5735 569
4679 0
6011 1904
200 0
2594 2970
4635 0
1407 6590
3799 1956
3465 3389
4871 0
5800 0
3306 5432
4786 5468
205 0
3015 0
111 0
2624 3024
4111 0
1987 0
1432 0
1397 0
229 0
4843 0
4901 221
3848 0
3095 0
1691 0
4401 4885
4507 0
3516 0
2992 3184
534 1677
6585 0
4450 4714
5480 0
3497 1851
3061 0
3216 0
4229 0
5663 0
1277 4285
5967 0
1966 0
4937 5274
5006 0
3728 0
5023 3516
1632 1914
5900 0
5138 0
29 0
5140 6058
2188 65
4927 465
1111 0
6548 479
2257 0
6290 0
3042 0
1024 0
2026 0
6415 0
2051 0
3064 0
3091 0
4797 2111
3849 0
1902 5619
3673 0
3166 609
5074 0
1819 0
6344 0
5364 0
6579 4652
3206 0
6471 0
5222 0
3390 0
1902 30
3339 0
1469 360
6518 0
4854 4700
518 3811
2624 4176
2813 0
2675 0
2782 0
3297 0
2806 2704
3104 0
4078 0
1849 0
1657 0
5078 0
3025 0
6520 0
4550 3040
2717 2381
6517 0
893 0
969 0
6622 6621
4314 5454
1668 0
2200 0
3735 25
3391 6430
5762 1848
14 0
6150 0
4077 3653
2307 0
3935 0
1340 0
4760 295
4200 5268
2149 0
884 0
3766 4967
33 0
6498 0
6610 0
4271 0
6011 5699
2500 0
2912 2022
5344 0
5350 5895
2123 2514
1385 3145
6 0
699 0
6448 0
237 0
1862 0
6143 0
4634 0
4308 0
279 0
4342 847
2337 0
5826 0
4461 0
5431 0
396 0
6670 4021
6484 0
779 35
1471 0
484 0
6669 0
2592 1719
3307 0
3281 5094
3047 0
2105 843
526 0
788 0
528 0
6628 0
4419 0
5263 0
1976 0
1699 6647
2931 3487
3374 0
3162 0
5525 0
1102 0
1342 0
207 0
25 0
2105 0
6682 0
1289 0
2444 0
4213 0
5338 0
5613 0
5494 0
2087 0
3682 2651
4948 4980
1091 0
2704 4567
2032 1674
1827 0
2830 5236
3143 5111
3366 3585
3765 0
6292 0
2211 801
914 0
623 3417
2912 3378
4695 1542
5208 0
5736 0
351 0
534 625
6183 0
3319 0
391 5680
6524 0
900 0
3672 0
5848 0
5006 6308
1364 0
5452 4947
6419 0
5101 2379
3598 1084
5573 4487
4425 0
3011 3158
5611 0
5464 2213
3787 0
3108 0
1695 0
3905 0
3856 1684
2619 0
2267 0
635 0
3686 0
5944 0
4148 1792
1944 0
3770 0
3603 0
6341 0
5940 1547
4099 0
32 0
3959 2882
1457 0
1424 0
3240 0
4063 0
2628 0
4599 0
4460 0
1824 0
5339 0
4918 0
501 0
4525 0
1240 0
517 0
2302 0
5170 0
6114 3874
878 0
951 0
2347 0
5092 0
3868 0
3169 0
1709 0
4164 0
6594 0
3159 0
2112 4455
2533 4238
1345 1126
2620 0
2250 0
2291 0
4436 0
5903 0
5323 1801
3376 4240
864 0
1358 5050
6423 0
3273 0
5165 0
3422 0
3461 0
5190 3726
1299 0
6397 0
1903 0
1105 0
4409 5725
710 0
1168 490
4871 5953
4874 0
2598 467
1468 0
3186 5982
3022 0
5738 0
6624 0
1544 0
2362 0
981 0
6337 0
137 0
3269 0
2246 0
5677 0
3585 0
3372 5420
5303 0
5391 0
2303 742
839 0
4256 0
359 0
38 0
3756 3460
4202 0
1641 0
5216 0
4067 4193
2555 0
6323 3743
2048 0
5889 0
3779 0
4237 0
5574 0
1808 0
1309 0
1898 2283
6103 5020
2335 715
4902 0
1671 0
1786 416
4052 0
6266 0
10 0
5460 0
1135 0
2642 0
666 0
4374 294
5768 0
4668 0
5631 4305
735 0
1229 0
3404 0
2369 0
6235 0
3877 0
3975 0
3436 2676
391 6081
2141 0
5594 0
5454 0
6342 0
3665 0
2517 0
5072 0
6405 1101
1528 0
6077 0
3661 0
5574 4752
4630 0
6456 0
2548 0
512 2350
330 1569
4658 0
4590 199
6329 0
2119 4608
6632 0
4550 1372
2372 0
1647 0
419 0
6128 0
2912 0
1048 0
4832 0
5236 1110
2657 0
4457 0
383 0
867 978
904 0
3464 0
1732 1815
662 0
3340 0
4666 0
2419 3381
718 0
3086 0
617 0
5600 0
2832 4413
6393 2404
4798 3231
6045 0
3382 0
4329 0
2454 0
104 0
3462 0
2315 2979
5333 4478
4360 1115
2137 0
4274 2303
777 0
4581 4410
3004 0
3674 0
731 0
2573 6440
3653 2179
146 4671
4514 0
2314 3303
1529 0
3900 0
881 0
2755 0
1186 0
6674 5068
5341 4092
4593 0
5712 0
5191 3715
2633 0
1383 0
487 0
1358 0
845 563
2972 0
3038 0
5982 0
5459 0
3783 0
3436 5767
3832 0
4147 0
973 0
1974 1331
5744 2639
3369 0
5496 0
1264 0
3608 0
5092 2915
3727 0
1924 6145
4770 2186
4562 0
5714 0
2891 3291
4160 0
1108 0
3747 5201
136 0
2126 0
4905 0
6599 0
2325 0
5053 2055
4459 6119
5439 0
2842 0
3230 3420
6388 0
6607 0
1371 1261
6542 1341
1169 1900
2611 0
5433 3304
1730 0
2184 0
3693 0
4493 0
2451 3969
2472 0
1850 0
1268 4198
4978 0
4937 4370
4931 0
1632 241
594 0
5498 4550
1970 0
2399 0
2656 0
6540 2689
1335 0
1132 0
5594 6217
4127 2906
2215 0
4730 0
3521 4726
4780 0
3044 2759
4112 0
3310 4937
3003 3786
5002 0
4204 0
6304 0
3044 0
5915 0
1478 0
4316 3041
5761 0
49 0
2717 4492
6436 1634
3874 1317
764 0
3968 0
2771 0
2535 1663
6301 0
5054 4968
6634 5822
6054 0
634 0
3267 0
188 5297
4656 0
2350 0
725 0
5647 0
5351 0
2294 0
4223 0
879 0
4462 0
5818 4659
2684 2032
4598 0
2283 1798
3465 4627
3479 0
2372 5689
6644 1266
5782 0
5490 0
4638 0
791 0
2895 0
2319 0
5462 1018
766 0
5301 4849
1215 0
5325 0
6295 2742
6548 0
5005 0
698 0
5899 0
6486 0
4974 0
2848 0
2289 0
3449 0
5673 0
3793 0
6632 4264
4292 0
530 0
4878 0
2728 0
5434 5957
910 3529
3766 5409
1249 0
1387 0
714 110
4245 0
6295 0
3396 0
4701 172
2073 0
721 0
3154 0
867 5518
3128 6251
1595 1461
4121 3292
3221 0
53 0
6087 5789
3650 0
5863 6033
4509 0
1325 0
3368 0
2539 0
4888 908
3860 0
3933 1925
4131 0
4041 2322
3543 0
4934 0
3315 3943
5918 0
1207 0
3283 5178
5126 0
4897 0
2161 0
4513 0
5307 6467
4305 0
6560 802
3458 0
6428 0
761 0
2224 3880
3604 0
4342 2959
3142 0
6034 2498
3882 6510
6294 0
2598 2824
4314 6409
6246 161
5722 1417
2899 0
4858 0
1891 6162
4745 0
3436 0
1964 0
437 0
2429 0
5015 0
5803 0
381 4184
2431 0
3966 0
2741 0
3320 0
5449 0
6676 0
4360 3978
5902 0
3183 2262
759 340
1332 0
793 0
2373 3311
242 0
5909 0
2438 0
6263 0
374 0
4286 6082
4224 0
5288 0
336 0
2944 0
1427 0
2532 0
1937 424
2334 0
3766 5305
2275 0
6317 0
2085 0
5955 0
1907 0
4849 5062
1974 1316
2764 5348
6071 0
109 0
2660 0
2219 0
4293 0
6291 2445
4707 0
2639 1737
4182 0
5304 694
3220 0
1230 0
1906 0
6089 0
380 6649
4263 1383
825 0
1525 0
1705 200
172 0
5212 1063
1517 0
1900 0
4411 0
2717 189
4045 0
3601 0
4387 0
1222 0
5956 0
2138 0
3337 3333
6188 0
4129 6422
5494 4701
508 0
6201 0
2629 0
230 0
50 4505
4872 0
2229 0
265 0
1262 997
1088 0
2844 3072
6107 0
1673 0
1135 5892
1830 0
3194 0
3577 0
4432 0
4101 0
5830 3202
1560 0
5481 0
6223 4468
4074 0
706 1876
1155 0
1912 0
6522 0
5023 3735
5586 0
3823 0
4972 0
5578 0
4057 0
2092 0
3231 0
1230 3358
3294 0
4786 1190
3342 0
2055 0
5248 4300
525 0
6258 0
873 0
5802 0
1851 0
4888 4428
5228 0
2963 0
836 2825
5026 3391
920 0
1322 6132
4002 6206
6255 0
3109 6607
4195 4430
981 485
1124 0
1480 0
3215 0
77 0
2175 0
3627 5846
5173 0
1974 1540
3186 3750
3563 0
2397 0
851 0
4450 5312
2304 0
972 2790
6424 1270
1512 0
1010 0
446 0
1160 5752
2044 0
3894 6594
2222 0
5042 0
394 0
554 0
4955 0
3593 0
13 591
3266 0
3780 0
5652 0
5190 5793
67 0
6473 1679
1313 0
1075 0
750 0
5350 5548
4242 0
5580 0
5265 3747
1874 0
3376 4427
2335 605
4849 6506
4169 2092
947 0
6145 0
6316 0
4687 0
4739 0
5369 0
1827 5447
3080 0
3475 0
1298 0
4584 0
1131 0
90 0
2387 0
409 0
5217 0
3472 2463
75 0
6654 4137
3264 0
5505 2288
1381 0
998 0
3282 0
814 2230
6467 0
5338 3890
2150 6656
3325 0
1114 5563
556 0
6594 474
1989 428
1925 0
4041 0
4257 3527
5847 0
374 4057
5046 0
6676 1328
1892 0
2940 0
3110 0
5054 4859
3953 0
1226 5881
1525 1251
4604 5374
5906 0
4176 5817
4456 4909
4715 0
5823 0
4921 0
1160 4986
6103 6493
1494 0
1254 0
682 0
3944 0
3526 0
6496 0
2363 0
3933 1250
1429 2475
6123 1402
6017 0
2008 0
717 0
2006 0
2573 6473
1971 0
3494 3862
4328 0
5596 5660
2445 0
1407 0
5359 0
4506 3172
1353 4134
5850 0
748 0
2915 0
3071 1811
4035 0
6368 0
2573 6575
2900 0
3904 3193
5671 5285
6126 0
960 0
2284 0
2339 0
3845 0
1838 0
5465 4913
2713 0
4447 788
3753 2135
886 149
6387 3355
2446 0
5017 0
2849 0
5557 0
3389 0
3434 0
2133 0
3032 0
4816 0
1519 0
516 0
6310 2812
6339 0
5158 0
356 5
4195 0
4109 0
4913 0
5905 0
6352 0
971 0
4411 3566
6196 0
5293 0
962 1875
4043 0
475 0
1815 6094
5726 5490
4420 0
1101 0
3627 5625
3045 5744
4799 640
5307 6307
5885 0
5564 0
4281 0
4134 4810
927 875
870 0
3394 0
6296 0
1401 0
675 0
4247 0
2150 0
3306 1433
849 1142
920 6245
254 0
41 0
5898 548
3938 6550
4211 0
5316 0
1220 0
2693 0
5163 2091
1060 0
1356 0
1622 0
3384 0
316 180
4528 0
1293 0
1761 0
6410 0
5948 0
1372 0
4553 0
6178 0
1315 0
628 791
5722 0
4615 0
3633 0
920 6330
4852 0
904 2297
5853 0
2637 0
534 0
2432 0
2594 2887
4826 1827
4914 0
1415 0
3756 2276
6531 0
2674 0
4450 0
5102 0
838 0
1210 1887
6240 0
1466 0
6602 0
2618 5839
2150 5974
5630 0
6028 0
442 0
785 0
5360 1936
5874 0
82 0
6036 2746
141 0
2414 5448
1176 0
5452 6072
81 0
1699 0
4879 0
3996 0
6223 3287
456 0
3365 0
912 0
2701 0
3790 0
1042 0
5965 0
6087 5961
1205 0
5153 927
3042 6383
5554 0
106 1640
3184 5861
1834 0
6466 0
1717 0
1843 6547
3202 0
6565 3835
2075 0
3103 0
1985 0
6286 0
1631 0
34 0
5132 3241
5961 3938
4709 0
4406 0
833 0
2802 1705
4247 1180
5133 0
2328 0
2313 0
2676 0
6426 0
6242 0
5217 5719
3583 0
4797 975
356 6019
4291 0
4829 412
3859 0
5087 0
6524 1228
1278 0
3748 0
611 0
2973 646
3584 1664
6445 0
4347 0
983 0
4406 1649
1208 0
950 0
2995 0
4364 0
2493 0
6481 4613
3489 0
5928 0
3902 0
1358 5290
3212 0
203 0
5007 5499
3757 0
1406 0
6189 5891
3581 0
3058 725
4143 0
476 0
3651 0
2765 0
3807 1572
2920 4080
3698 0
1439 0
2441 4673
1204 0
3420 0
1415 2563
641 0
5541 0
3807 1883
6182 2984
6030 38
5333 0
3551 0
1781 0
1690 0
4355 0
925 0
1649 0
6573 0
2709 0
4181 0
4283 2060
6563 0
6336 0
2440 0
3227 2035
6204 0
6372 4304
4403 0
5334 0
5822 0
1200 0
5132 1023
5526 0
5026 0
3817 0
919 0
4337 0
4494 0
2097 0
1407 6296
1440 0
3889 0
3440 0
3286 4359
6177 0
4151 0
4632 0
5249 2006
5536 0
5488 0
3740 4314
3908 1728
972 1299
3971 0
2767 0
4121 0
2697 3018
4682 0
3183 2327
5444 1803
3007 0
2390 1362
5973 0
1065 0
991 0
3467 0
4849 6323
2574 0
1927 0
2129 0
4267 0
4407 0
4797 0
6244 0
5917 0
4255 0
5026 5602
1550 0
6347 653
4225 0
2968 0
2433 0
6233 0
660 0
1410 0
5083 0
533 0
5717 0
4115 0
6324 0
5454 5996
2520 0
3675 0
3519 0
5242 0
2682 0
5603 0
4342 5001
809 0
3874 0
939 0
1992 0
3930 0
3332 2396
5145 1580
2898 0
2443 0
5176 0
4535 1112
6606 0
5808 0
1785 0
1266 0
5678 0
508 2637
4064 4417
5863 3802
6323 0
5972 0
3355 0
5301 3865
3988 0
6257 0
3879 0
3755 0
4691 0
2336 0
5058 3452
4100 5046
4489 0
5428 0
6376 0
6095 1093
1638 0
2949 0
1080 0
2731 0
59 0
982 1219
4328 4073
3145 0
1149 0
5046 475
128 0
4207 0
3128 6396
1835 0
5749 0
4366 0
4691 1758
2686 0
3760 0
5318 0
4060 0
2454 2374
4537 6456
681 0
3664 0
5865 0
458 2963
5190 1643
1734 1857
1462 0
4506 0
3184 3253
5493 0
1684 0
3536 0
3005 0
2379 0
4283 0
2932 0
6090 0
1071 4998
5527 851
5220 0
1377 0
5868 6018
4258 0
4591 0
2461 0
454 0
473 5116
4714 0
3471 0
724 0
5116 0
3180 1519
524 3322
2182 0
4557 0
3641 0
4210 0
1319 1968
6040 0
5958 0
4721 0
5191 4119
1974 1576
5274 0
100 0
3634 0
1623 1816
5863 4414
4739 1553
6062 0
4549 0
1773 0
6285 0
4797 3789
1517 6455
1597 0
2435 0
4213 2075
2420 0
4907 0
6594 3217
5100 2702
5235 0
2441 4620
6301 3250
297 0
3939 0
1416 0
5298 0
6661 0
2943 0
46 0
4141 0
4110 6197
2466 0
4737 5186
3836 0
6505 0
2605 0
6532 1207
1003 3131
2171 0
215 0
5045 0
1659 3338
3846 0
512 0
6651 0
2372 4914
3304 0
4979 0
1932 0
2194 0
4673 0
1836 0
1522 130
278 0
4282 0
5622 4694
198 3084
1807 0
157 0
4369 3071
4911 0
2853 0
4287 0
3472 6174
1216 0
1977 0
6510 0
5746 0
5006 5183
4690 0
2742 0
5594 4339
3250 0
2052 0
5394 0
2990 4183
2378 0
3018 1522
808 0
2655 0
5640 0
2522 0
990 281
6618 0
6590 0
1827 3855
4867 0
6281 0
4338 0
1160 0
716 0
2854 0
3376 2902
4647 0
3856 0
1980 182
5852 0
1181 1117
2857 0
705 0
1137 0
3322 6563
5448 0
2720 0
3442 0
4216 0
1513 0
6137 0
4531 0
2718 0
5056 0
2603 0
1887 0
4870 0
6589 0
2291 500
110 984
5200 0
2074 2341
2873 0
458 1776
821 506
366 2082
515 0
6219 0
2588 0
4837 0
1753 0
3740 0
4233 402
1277 0
3003 1706
5931 0
3227 3108
4854 0
4404 483
6103 6498
6383 0
2884 2401
4077 0
315 0
380 5757
2125 0
2838 0
3453 0
1580 0
3109 6567
4913 3505
4802 0
4400 0
542 0
5513 0
2365 0
866 0
6498 2162
6102 0
6237 0
5672 0
6622 6603
4617 0
474 0
6176 0
5597 0
4306 5864
3425 0
2583 0
1015 0
5556 0
4486 3777
1827 5875
4782 0
1558 0
4064 5151
597 240
2205 0
4688 0
4743 0
3391 0
3909 0
2186 0
5815 0
5756 0
6439 0
4199 0
4997 0
5259 0
4369 2335
2811 3400
3214 0
1957 1210
3781 0
737 0
4684 0
1777 0
2452 0
6632 4616
4025 2474
3799 2893
590 0
3233 0
3717 0
1492 0
6133 6613
4447 0
2918 344
6474 2570
3291 6380
3376 2700
5935 0
283 0
5466 1973
3338 0
875 0
5995 0
2697 0
5734 0
6175 0
3273 1371
5941 3898
6552 0
6512 0
3361 0
2505 0
4129 5135
256 0
1365 914
1347 0
4840 3721
5987 0
2919 0
6373 4272
4406 3594
5225 0
3771 0
3472 2592
4542 0
4884 0
4761 0
5323 0
6342 4254
122 0
6104 2355
4675 0
308 0
233 0
2939 2143
2784 0
1183 0
2477 0
904 672
5991 1749
2469 0
5485 0
2187 0
992 3917
2245 2413
2617 0
6411 0
6132 0
4100 5217
194 0
1203 0
2821 4405
4548 0
349 0
5422 4788
5863 6213
157 1423
3305 0
2528 0
6582 1268
2325 2985
3631 0
2589 0
1259 0
3048 0
5373 0
4090 0
937 0
952 0
4246 0
6331 0
1586 0
2526 0
36 0
6544 5949
4960 0
4132 0
779 671
1508 3100
1783 0
2435 1501
3513 0
4383 0
6182 2829
2832 0
3337 1229
1127 0
4991 4260
6285 1394
2774 0
2773 0
1411 0
2515 0
6248 0
3058 3343
3042 5568
3547 0
2851 0
2225 0
2911 0
775 0
3486 0
1520 0
2243 0
771 0
5018 0
5077 0
4503 1004
6586 0
5243 0
753 0
6370 0
6002 0
2211 1457
1454 0
6640 0
2449 0
4448 5714
6558 0
5141 5865
4549 5739
3875 0
2937 0
4318 0
2434 0
3751 0
2167 0
954 1521
2525 0
4888 0
6674 5128
1658 0
4064 0
4286 5653
1361 0
6519 743
1413 2793
992 4838
5878 0
4031 0
6147 0
1170 0
1617 0
5629 0
2808 0
5713 0
5603 2172
6546 0
4084 0
1253 0
4601 0
1697 0
1691 3009
1160 5369
5426 0
4969 0
370 0
5837 0
3067 0
5616 3631
4110 5140
4030 0
6579 5588
4549 6485
792 0
1922 0
613 2990
1942 0
4703 76
274 0
3827 0
94 0
5454 6157
4670 0
5603 3672
1917 0
3976 0
380 2354
6273 0
6587 0
3837 4386
996 0
1333 6494
976 0
3967 0
3370 2688
2204 0
5140 5936
5691 0
5664 0
613 3388
430 0
497 0
1185 0
1300 0
4653 0
3081 0
3922 0
5196 2462
4640 0
1945 4640
1226 3669
3482 0
1833 93
860 0
2597 0
502 0
1351 0
4908 0
6180 0
87 0
292 0
4712 0
2173 5589
6426 1707
2776 210
3465 0
4520 0
2777 0
3938 0
6246 0
2820 0
3576 3725
5932 0
5224 0
2482 0
5527 3498
2480 0
3628 0
1345 6419
3910 0
1728 0
897 0
1701 3501
5943 6580
5141 2917
4550 2153
4936 0
4783 0
5090 0
4127 1260
642 6126
5843 0
3193 0
675 1630
1882 0
5163 5884
6615 2258
163 5476
3114 0
1840 0
3872 0
2024 0
4581 5745
4695 0
6579 0
1432 1838
1853 418
1324 0
3309 0
5809 0
6532 0
1625 0
3044 1466
5562 0
4134 0
211 4809
4965 0
6472 0
4150 0
5888 0
1699 5462
5422 5781
5544 783
679 0
3283 0
564 0
3188 0
4812 3797
6501 0
6593 0
5452 0
435 0
5681 0
1891 12
1896 0
3497 4309
3105 0
4409 5009
4188 5241
4459 6392
310 0
6265 0
997 0
6385 0
106 1403
4165 0
2543 0
5706 0
3246 0
477 2898
2584 0
1683 392
583 0
1305 0
6621 0
6163 0
3941 1342
3853 0
5789 0
1348 5049
5941 3661
5146 0
4669 0
163 2025
2391 0
2032 2274
3042 5497
3293 0
6504 0
3984 0
5380 3769
2252 0
3167 0
6309 0
506 1895
1435 0
5595 2719
5033 2626
2120 0
3936 0
5491 0
2341 0
1004 878
669 0
579 0
1152 3829
2585 0
3314 0
381 6492
5448 2899
6635 0
1517 6373
5127 2714
2448 0
4930 0
3484 0
5149 0
5141 0
6176 1821
2652 0
5019 0
3354 0
4959 0
1224 0
1441 4571
482 0
3168 0
4620 0
3306 6198
6394 0
6635 205
3617 0
4119 6100
2872 0
3687 0
2516 0
6011 6488
1428 4632
4235 4817
928 0
2896 0
522 0
882 0
259 0
4340 0
6565 1458
1918 834
6365 0
1576 0
2473 0
4894 5759
6611 0
645 0
3991 0
6463 0
5664 1201
3410 0
2072 0
506 0
258 0
1787 0
3610 0
401 0
4706 0
3194 5826
3094 0
3945 0
2414 5317
3234 4559
1774 0
2575 0
4535 0
2033 0
3589 0
4616 0
5414 0
3653 0
173 0
1543 0
5758 0
5103 0
1522 3581
4513 4508
5529 4356
2214 0
5319 2133
5132 0
5330 0
6194 0
6413 1176
4929 852
5742 4294
5726 0
3012 0
5688 0
4032 0
4566 2875
6084 0
4133 0
5308 0
441 0
2105 1460
6230 0
6477 0
5743 0
3938 5122
3508 0
1466 260
3067 158
1827 798
6670 4747
4401 5470
461 3331
1074 0
789 0
3731 0
223 0
3251 0
3468 97
6151 1746
4665 0
4277 0
3232 0
2232 5527
1085 0
2518 0
1182 769
6494 0
3995 4107
1768 0
4100 0
3263 6513
6333 0
4459 6551
3593 207
588 0
2363 2608
2273 0
5741 0
5190 6038
4952 0
3954 3136
2000 0
1190 0
5178 0
2101 0
3229 0
5695 0
555 0
5938 0
6499 0
3473 0
3605 0
3331 0
1126 0
1960 0
4805 0
4187 0
2595 0
6648 5347
5769 0
1424 5056
5143 0
683 0
3234 0
5651 590
4491 0
5571 0
642 3296
6402 2659
3031 6410
5444 979
374 6627
1268 3545
2510 0
1945 5665
4137 1019
1144 0
5433 5270
6373 2018
4226 0
6622 6606
6114 0
644 0
434 5560
1333 5876
3678 0
50 0
3768 2585
5868 660
99 0
5151 0
2521 0
4649 0
2190 0
458 1586
5975 0
1878 0
5685 0
3888 0
5097 0
1606 0
5628 0
1555 0
4986 0
5500 0
5593 0
504 0
4286 6284
5438 0
4296 551
2353 0
3115 0
4110 5919
5781 0
6270 0
3778 0
1371 0
4600 0
248 0
4404 0
4686 0
4774 0
826 0
4815 0
6036 1416
1380 0
768 0
2785 4281
6158 0
3046 0
4650 0
3518 0
5145 244
4862 0
6634 5920
1139 3539
6109 0
2220 21
2879 0
1366 144
2050 1633
5058 0
1961 0
4180 0
487 3800
6082 0
4907 1451
2081 1595
3445 0
4269 0
4589 0
50 2811
2554 0
5023 1812
1182 0
4772 0
6519 4549
211 0
1827 6614
1952 0
1929 0
3468 4651
20 5987
5272 0
4027 0
89 0
3222 0
245 0
4134 4546
2188 51
3472 6540
706 3925
2163 0
432 0
35 0
4235 4960
5010 0
1826 0
4683 0
6271 0
747 0
2196 0
1390 0
3967 2012
6413 2889
187 0
6436 0
3227 5325
1412 0
2121 0
2531 0
1286 0
5516 0
5209 0
6322 0
6372 2173
243 2389
889 0
3835 0
1365 0
968 0
6139 0
1924 6238
1385 736
3128 0
6384 701
2577 0
2814 0
4913 2728
4346 4449
3882 5341
3128 4753
5058 5264
4236 0
984 0
2396 0
2576 0
4923 0
3387 5627
5128 0
6547 2329
199 0
3011 4879
3451 0
1097 0
3306 6294
4352 0
2001 0
403 2191
1477 895
4221 0
1811 0
6654 0
143 0
4064 3647
2046 0
3615 0
1006 0
5443 0
2714 0
2282 0
1817 1082
1628 0
5492 0
443 3895
5425 0
1269 0
4540 0
2747 0
1683 0
4191 1485
6215 0
865 0
5282 0
1974 4063
2380 0
3897 0
3138 0
4915 2577
5618 0
1962 0
1112 0
4555 0
3120 0
4875 0
2156 2444
5686 0
977 3090
3448 0
3189 0
2954 2132
4601 3365
574 0
4488 0
5894 4491
1982 0
3497 0
667 0
4467 0
2956 0
3372 0
4233 0
2394 0
2009 3068
5876 0
5273 0
3894 0
1567 0
6014 1977
6660 0
6674 3257
3871 0
3262 0
5958 899
4659 0
4926 0
1279 0
3905 5675
5495 1513
4193 0
1832 3006
1545 0
790 0
1955 2960
1273 0
4306 0
1941 0
927 0
2513 0
3380 0
518 0
1434 0
3210 6322
4696 0
1655 0
6674 2368
3497 1964
4427 0
105 0
5256 0
3313 0
6539 0
5603 2653
209 0
2604 2277
4028 0
4258 1628
6398 0
6481 4948
2091 0
582 0
1739 0
5324 0
6402 4003
6261 939
322 0
6559 0
5596 5520
4574 0
2819 0
4865 0
5770 0
5260 2539
560 0
2112 3911
5774 0
3825 0
5787 225
3699 0
1246 0
3419 0
1226 1729
4824 0
4056 0
3150 0
5023 2554
4373 0
5136 0
5017 5427
3741 72
2830 3825
594 1490
4075 0
5253 0
5276 0
6603 0
3899 1218
5100 0
2690 0
5070 5646
5466 0
346 0
4463 0
5839 0
568 0
2859 0
602 0
3701 592
1995 0
3906 0
4796 0
3740 2953
6361 0
6174 0
4306 3075
4789 0
3238 0
4857 0
5541 583
4818 0
6349 0
5439 3580
4719 0
4345 2196
6238 0
5457 0
5384 0
6103 0
3753 0
3018 1584
4110 6108
380 4008
5929 0
3603 1607
5898 0
4704 0
4313 0
1891 6226
2442 0
1974 5259
4915 2268
3311 0
2037 535
3310 0
4107 0
5214 0
3317 0
1797 0
2173 4259
5026 4856
2729 2911
4536 0
3885 0
2592 1609
5080 0
1800 0
3443 0
4301 0
5668 0
5478 0
2212 0
5690 0
1446 0
3242 3907
5985 0
4086 0
4919 1696
5204 0
5455 0
3768 0
774 0
612 0
2586 0
3187 0
5671 4787
3809 0
1018 0
2416 2572
5514 0
2112 0
992 6026
1062 0
1765 0
1829 0
5053 3020
2723 0
2658 0
6032 3368
653 0
4662 0
4383 921
2435 3949
5399 0
633 0
3050 0
3011 3094
6280 0
3694 0
4289 6207
4455 0
6103 6602
4895 0
3810 0
3995 1945
2775 0
3186 5331
5452 4226
1069 6300
51 3903
2031 0
309 0
5442 0
2348 633
1016 0
60 0
6079 0
4901 4025
3196 0
2414 339
813 0
706 3767
3031 4657
3306 6276
729 593
4678 0
3576 0
4018 0
2390 0
4264 2870
4061 0
4530 0
843 0
3786 0
1974 0
1343 0
2954 0
5495 3099
348 0
3531 0
3208 5328
50 5182
5469 0
812 0
1296 0
445 0
3415 5926
4726 0
5054 2000
3321 0
536 0
2785 0
1818 0
1767 4562
5657 0
4980 0
5917 4524
6659 0
1722 0
1408 4782
501 3081
3009 0
6475 0
2207 0
4235 2736
2881 5572
4235 0
1517 6051
468 0
4156 0
565 2864
2493 3780
6451 0
2697 1773
6571 0
1648 0
2096 213
1345 0
6255 406
6132 2769
1993 0
2626 2526
1429 0
3072 0
5512 0
3069 0
5748 2321
2467 0
390 0
1891 6045
1106 0
4167 0
5422 0
3140 0
702 0
565 0
6565 0
4335 0
246 0
5292 0
5622 5549
3087 0
2783 0
88 0
2672 0
6656 0
4940 0
4716 3759
2077 0
177 0
2591 55
5525 4930
1441 2372
217 0
5912 0
5164 0
4646 0
627 0
3387 0
1687 0
4365 0
3692 5720
5573 4171
2975 0
5047 0
4953 0
6018 0
1310 0
4513 5335
289 0
2612 0
1483 0
5456 0
1722 1574
3632 0
3711 0
5497 0
4135 0
161 0
4967 0
3609 0
2852 0
181 0
4566 4648
201 0
2120 3270
6483 0
1784 0
1002 0
2189 0
5484 11
2976 0
3545 2947
2323 0
6609 0
3432 0
3306 0
1869 0
1348 6345
6114 6186
1297 0
397 0
1083 0
6527 0
2493 3010
4543 0
4941 0
5304 0
4541 0
6285 5705
5336 0
601 0
1915 0
5654 0
6291 3299
2992 5055
4000 0
5486 0
356 5668
2423 0
74 0
451 0
2899 1066
784 0
541 0
2112 2855
2376 0
4039 0
4823 0
4530 2661
3129 407
908 1312
2027 0
1521 3494
3337 0
910 0
6358 0
4877 0
6319 1154
2160 0
779 306
380 4014
4009 0
26 0
2402 0
6087 5295
4042 5362
3285 0
2916 1160
2353 4880
4110 5557
4183 0
3619 0
6308 0
762 0
5724 2791
20 2405
703 0
4206 0
4254 321
5429 0
1772 0
3291 6332
3218 0
6225 0
5453 0
5729 0
3629 0
1734 1052
5953 3695
1616 0
316 0
4200 0
6136 0
1938 0
384 0
1706 0
3691 0
780 0
1542 0
3318 0
3707 0
3729 0
354 0
2005 4018
3587 1669
308 3028
2228 0
5063 0
4435 0
3223 0
655 0
3437 5580
5054 4895
4383 3316
3042 1326
5891 0
4326 0
5444 0
2547 0
272 0
5049 0
2274 0
3210 0
3129 1375
6211 0
4569 0
3423 0
3482 3592
1508 0
5910 0
3558 0
4894 2524
1465 0
1350 0
4096 0
5160 0
1148 985
3747 0
2697 4329
3587 1654
4889 0
638 0
4042 0
6622 6591
2607 0
2861 0
5470 0
3925 0
341 0
389 0
3719 0
5818 6576
5940 5894
344 0
2789 0
2524 0
1259 1770
5386 0
5212 0
758 0
4314 0
2700 0
3051 0
4327 0
4669 2417
6231 980
5509 0
5451 0
4172 0
2268 0
671 0
2201 0
5553 0
2982 0
2881 5954
4374 0
6256 0
2939 1197
589 0
867 3681
2787 0
6605 0
5058 5200
520 0
43 0
4882 0
4741 0
6026 5150
4738 0
4048 0
464 0
1861 0
1226 3278
6032 0
5793 0
5610 0
6582 0
6076 0
1311 0
6283 0
1063 0
729 6127
5485 4903
4935 0
2683 311
335 0
4389 0
2624 4161
510 0
1346 0
1211 0
2791 0
5735 0
1274 0
2107 0
6049 1680
5166 1095
69 0
2896 2632
380 6405
3112 0
1946 0
3432 1035
408 4169
2395 0
2622 0
4369 0
1673 1722
2414 6589
2725 0
4401 5225
4728 0
1158 0
2493 830
2641 0
2795 0
4030 1475
5898 4242
4506 2096
994 0
2032 3154
3970 0
3124 0
2913 0
318 0
4401 5100
5464 0
1416 1740
164 0
4587 0
5709 0
2974 0
4606 0
2644 0
110 0
6212 0
4428 0
6387 0
5137 0
1114 5854
2954 3211
814 0
3242 0
45 0
2487 0
2811 4152
2686 2834
404 0
3855 0
3308 0
4518 0
458 3201
5054 1629
4904 0
247 0
6667 0
1333 5783
3573 0
2411 0
6250 0
1423 0
2591 0
6500 0
1629 5168
5699 2255
1345 6446
3494 4497
4280 274
4370 0
374 3602
5546 0
4754 0
5986 0
4575 0
21 0
6407 0
2499 0
5967 600
4241 0
4773 0
293 0
1547 0
58 0
141 2204
42 1955
4552 0
5742 0
1030 0
4636 0
356 2212
4983 0
2992 2198
3011 5728
120 0
1588 4578
4788 2300
1559 0
5201 0
3472 6532
381 5782
5971 1202
5818 581
6182 0
2828 0
5039 0
4022 0
4516 0
1756 4338
1825 0
1135 3708
4110 4075
4808 0
5947 0
3535 2512
2841 2677
4490 0
5076 0
1443 0
2067 0
6579 6188
3775 0
1766 2078
6307 4111
2070 0
3634 4926
3962 0
424 0
4581 5852
5829 0
4589 4890
2233 0
6159 0
1891 4897
5927 0
3106 0
3961 0
1147 0
1337 4923
4545 0
2208 0
6262 0
6594 6512
5693 0
1595 0
2874 0
5100 5318
3677 0
5398 0
3062 0
2310 0
2224 0
506 2237
2899 4064
2677 0
2364 0
1290 3425
5718 0
4034 2217
6285 954
2823 0
5584 0
6356 1997
5384 5193
1083 4733
2647 0
386 0
1691 259
219 0
6001 0
6468 0
4742 0
915 4773
1650 0
4390 0
3540 0
6011 5408
186 0
2680 0
566 0
6632 6142
4129 1554
2749 0
2308 0
1303 0
261 0
5977 0
5538 0
5957 0
1369 0
6190 0
3869 1949
4995 0
6151 0
4478 0
941 0
3566 0
2867 584
3899 4273
5943 0
1352 0
2471 0
6066 0
5017 4411
4566 0
5862 0
3393 0
3589 682
5187 0
1476 0
37 0
779 0
167 0
4637 0
4537 5787
3316 0
2328 1439
3552 0
4503 1167
5113 0
47 0
3963 59
6642 0
6364 0
712 923
982 5964
1222 6338
4570 0
4082 0
4788 0
4166 0
5726 5157
1831 0
4210 510
2235 0
1720 0
2493 2289
1292 0
3347 0
4339 0
5951 3122
294 0
130 0
2166 0
3234 6220
4785 0
6519 6269
6319 0
5380 3055
6644 0
1210 0
5127 0
6600 0
597 0
1588 3875
4417 5776
2353 2411
1248 4957
2931 3286
4861 0
5742 2001
4503 0
1752 0
5494 4830
2761 0
3011 0
1398 0
4154 0
714 771
5925 0
3682 0
2105 632
2770 0
5272 3553
2847 0
5301 0
3026 4783
3283 5108
1242 0
4657 0
1280 0
2278 3349
5261 0
836 0
4550 0
2064 0
4459 5441
1187 3372
5653 0
56 0
6223 5601
284 0
6283 1421
388 0
4847 6104
83 0
3190 0
4169 3061
821 0
3383 0
1875 0
5923 0
1795 0
160 0
2309 0
995 0
373 0
5109 0
5983 2968
3842 0
461 0
1460 0
3270 0
4239 0
4977 0
110 5244
2349 0
5527 5087
5139 0
1629 5547
3077 4824
4847 5389
2481 0
686 0
642 5262
4392 0
6379 1028
183 0
4549 5534
4235 4989
5029 0
6228 0
648 0
4844 1073
566 1370
2973 0
2438 1471
5191 0
4025 0
1083 1993
4142 0
3587 0
5054 3620
5312 0
3426 1275
1721 0
2112 5156
436 0
5528 0
439 0
6007 0
142 0
3517 1839
2453 0
4707 3933
57 0
6622 0
226 0
5384 4687
4007 0
6435 0
4801 0
1798 0
5183 0
2299 0
3234 6450
2830 4769
1458 0
5012 0
4651 0
6092 0
5643 0
6012 0
1304 0
5321 0
6538 0
2331 0
5794 0
1838 2694
4321 0
5752 0
2566 0
728 0
1041 0
1551 0
592 4369
4176 6329
279 3689
4691 6275
2592 0
3066 0
911 0
2330 4560
4456 2781
2925 0
3325 4722
4894 0
2881 5975
1257 0
2415 936
50 3716
3794 0
1810 0
866 389
1355 0
2684 0
1219 0
5548 0
6133 5515
5702 0
2889 629
3714 0
5346 0
5093 0
3186 6335
6046 0
5353 0
3184 190
4356 0
4300 0
4849 0
6059 0
418 0
5594 6056
4424 0
5234 0
3766 4243
1109 0
6360 0
6328 0
807 0
6653 0
3234 6113
1283 0
5258 0
4970 0
1891 0
1759 0
4722 0
326 0
2846 0
2131 0
3534 0
1337 3643
3883 0
2632 0
2236 0
1584 0
1827 4
2990 1246
4851 0
5722 3187
2374 0
4927 0
1898 4605
5089 0
286 3682
5893 0
317 0
4996 0
3058 0
622 0
640 0
5622 6064
4249 0
1556 0
4970 3994
6282 0
2157 0
4119 0
931 363
4856 2758
3507 0
3322 6256
4846 0
1166 0
2413 0
1972 0
874 0
1610 0
6444 0
1589 0
6308 2779
1426 0
5539 0
1362 0
1614 0
4755 0
5973 4009
1450 0
3586 0
1399 2440
4430 0
1284 0
1541 0
4140 0
2345 0
1872 0
5866 0
3041 0
4414 1267
3166 0
1396 0
1627 0
447 0
1281 0
4836 0
6513 0
896 0
3808 0
4289 5382
3436 5361
506 452
2732 0
2512 3771
1271 0
4591 4385
2977 0
381 6350
890 0
1262 0
374 5927
469 0
486 0
1020 0
5130 0
3746 719
4314 5210
1262 4469
6550 0
70 0
3887 0
706 0
2083 0
1827 4382
4947 0
4597 3753
5226 1001
2811 2668
4475 0
3265 3446
982 0
2245 0
5333 888
3795 0
2113 0
5420 0
4626 0
4106 0
3811 0
4453 3976
6315 0
1447 0
3614 0
1345 2850
5219 1111
5511 0
2688 0
3726 0
922 0
1674 5807
5867 0
466 0
2280 0
2498 0
3068 0
1382 0
4856 1129
6149 0
1521 0
6272 0
6198 559
6342 2225
2373 0
185 0
2306 0
2832 429
1705 2117
4459 5000
6670 3573
4707 1525
4414 0
1232 0
1107 0
4396 0
3423 904
3521 0
6323 4874
1160 2926
3880 0
2018 0
4863 0
2646 0
6291 4552
6354 0
1082 0
3152 0
5662 0
6125 0
4349 0
3472 0
5949 0
5346 1440
1897 0
5596 0
2358 0
85 0
1644 0
1026 0
628 0
1394 6617
5172 0
298 0
4694 0
1755 0
2002 0
5308 5643
3468 0
2608 0
3948 0
5976 0
3686 508
5928 5628
2557 0
2645 0
6231 0
4680 0
4991 3179
4062 0
5775 0
2066 0
1707 0
3627 0
3429 0
3117 0
5899 2527
2180 0
4388 0
5017 44
5988 0
4401 5433
5250 0
5854 0
6561 0
2283 0
1537 0
3119 0
5508 0
5117 0
674 0
2127 0
6476 0
1699 4862
689 0
5947 1092
729 6288
4915 3161
5461 0
5307 950
5091 0
5594 6177
3952 0
2348 0
5627 0
5424 0
1469 709
1625 4502
2594 0
2800 0
4303 0
4778 0
352 782
5348 0
4316 2245
458 0
4148 0
1568 0
1928 0
1676 2115
2132 0
4393 0
2867 0
5646 0
2096 0
1485 0
3544 0
4870 4587
5765 0
4915 0
2416 0
6486 4889
6341 3408
1898 0
2357 0
3130 0
3226 0
3562 0
1640 0
4844 1059
1099 0
3481 0
5105 0
4513 324
5463 2602
2648 0
4746 0
6252 2925
1141 0
6099 0
4549 4762
6307 0
3762 0
6067 1611
5567 0
1918 0
3166 1303
1681 0
2880 0
5778 0
5008 0
3449 6054
2830 2152
5825 0
2172 0
4716 0
2155 0
3940 0
443 0
5249 0
5207 0
6293 0
1538 0
3872 6071
1187 5730
1663 0
381 6608
6177 889
2631 0
1682 0
1763 1615
2855 4286
2776 4349
626 0
2120 5251
6018 1486
1534 4541
1843 1103
5971 0
2700 4713
321 0
3023 3164
4800 0
3075 0
4537 6536
2041 0
4371 0
3839 0
3131 0
204 2290
4099 662
1202 0
3459 0
3837 0
3306 4707
5437 0
1623 4759
2079 0
1500 0
5786 0
6413 0
1630 0
4994 0
6673 0
2855 0
1029 0
5163 3970
2776 0
3071 0
1352 3473
2476 0
4110 0
6414 0
2753 0
6301 5061
3163 0
360 0
6154 0
1373 0
4280 0
6006 2248
862 0
6147 368
2375 5429
2283 5089
1758 0
2400 0
5270 0
5534 0
6630 2817
1499 0
193 0
145 0
1244 0
6114 6514
4369 757
4844 1635
4915 3617
6075 0
3554 0
831 0
3563 1967
5111 0
1635 0
1467 0
3372 2670
3789 0
4003 0
1129 0
4786 6118
2704 0
2881 0
152 0
597 2516
1368 0
5527 4034
1157 0
1521 3334
3329 0
642 5630
4053 0
5367 0
3725 1203
5141 988
3656 0
2069 0
3005 301
3041 2343
1832 0
303 0
6650 0
6106 0
1992 4720
4497 0
5084 0
5107 0
2936 0
1230 1536
868 0
399 0
3813 347
4750 0
2947 0
6155 0
3596 0
345 0
4499 0
2392 1601
2447 0
6205 0
4119 3148
30 0
3702 0
3029 0
2320 0
4049 0
1779 0
5487 0
4924 0
6526 0
4604 0
6105 0
6649 0
2841 3806
3100 0
2792 0
861 0
6330 0
4439 815
6025 0
250 6025
329 0
5148 0
5864 0
2899 776
4737 0
5195 0
4880 0
6574 1123
148 2282
4046 0
5362 0
6189 2151
3785 0
806 0
805 0
1517 6637
5433 2943
5719 0
6363 0
3544 1283
6460 0
1218 0
1756 0
5123 0
5289 0
5364 1069
1699 6529
5347 0
2506 237
4036 0
6232 0
657 0
1012 0
1731 0
4585 0
4970 1527
3639 0
4869 1325
4547 4026
3037 0
2731 1713
3052 0
1562 2412
3260 0
524 6435
374 6666
6200 0
6043 0
561 0
5227 731
449 0
5506 0
4623 361
4363 0
4451 0
3995 0
2920 0
2735 0
6663 0
5145 1535
5338 729
6158 77
6639 0
2618 5357
4717 0
1374 0
3454 0
2779 0
6672 0
2992 0
2392 1386
4836 2250
3933 0
2653 0
726 0
970 0
2193 0
4946 0
1603 0
4450 525
3050 5750
63 0
1230 1541
2907 0
257 0
2578 0
1525 3744
4976 0
1674 5636
5033 1376
910 233
2559 0
1724 0
1128 0
4080 5479
540 0
6243 0
3213 0
357 0
822 0
669 1559
5681 6002
4021 0
5484 0
4729 0
3713 0
4676 0
3199 0
3804 0
2258 0
3799 3887
6523 0
2375 0
3306 255
4577 0
5033 0
558 0
3894 5686
2786 0
2335 5827
2726 0
4278 0
238 0
6067 0
636 0
4289 0
4276 0
5864 2074
4343 0
1413 2009
1855 0
4005 0
350 0
1859 0
3286 0
4871 6102
115 0
4346 2937
6133 0
6320 0
3209 0
4937 0
948 0
5053 2065
1619 0
243 5526
5271 0
1348 1894
4839 0
2368 0
3985 652
2424 0
902 0
2692 208
5818 5214
3807 3114
1165 3377
4921 94
4314 2107
1837 2709
4588 0
3102 0
4479 0
1803 0
5272 4142
2238 0
414 0
3449 4052
5275 0
3803 0
302 0
5754 0
2885 0
3734 3611
2785 3850
1713 0
32 4422
2120 4556
32 3340
3870 0
5050 0
782 0
2058 0
1187 2621
4821 0
5525 1667
327 0
522 4308
3042 5594
2697 3535
1317 0
5483 0
3033 692
1565 0
3291 4521
1846 5013
216 0
524 6480
4446 0
3146 0
6424 0
3830 0
6457 0
1226 4579
2961 0
2119 0
4323 0
4459 6314
5958 1868
162 0
4024 0
1526 0
4939 0
4849 5175
1290 0
5293 1924
5007 0
1991 0
4272 0
5054 4140
4604 4278
5894 0
1875 3095
5299 0
1764 0
3325 4936
5432 0
4523 951
4333 375
4579 0
4502 0
4083 1917
3191 0
1357 0
6515 0
5616 5037
4833 0
3565 0
6662 0
3777 0
1261 531
1017 0
3332 0
3654 0
433 0
3079 0
1095 0
1788 0
411 0
3268 0
3679 0
3149 0
5314 0
2029 4361
1626 4461
4480 0
6026 972
5182 0
4907 4533
4080 3598
2953 0
804 0
16 0
13 0
5930 0
696 0
3183 0
2759 0
5371 4679
1736 0
3666 0
434 0
4888 1916
1806 0
3732 0
1868 0
6236 0
3588 0
529 0
1073 0
1605 0
3683 0
144 0
5144 0
2597 4452
6133 5729
4160 4955
5795 4179
1248 0
2519 0
1958 0
6285 1222
5294 0
124 0
6384 0
2889 0
2037 2800
460 0
6091 0
5574 3822
5304 209
2080 0
3756 644
4362 0
4830 0
5573 5031
214 0
1957 0
5121 0
3791 0
2010 0
1275 0
3804 137
2065 0
4537 4916
1250 0
4991 0
3777 2783
591 0
5013 0
3109 0
2321 0
6482 0
170 0
3525 0
3086 5167
6447 0
6681 0
6123 0
2901 4287
1385 0
6217 0
3523 0
2470 0
5804 0
1696 0
5101 3971
103 0
4812 2881
2811 750
3300 0
1428 0
1044 0
4088 0
1670 0
3468 2190
4097 0
2983 0
1815 4376
4201 0
3254 0
2386 0
3622 0
4559 0
4105 0
4416 0
4776 0
3235 0
3494 1990
5322 0
3301 0
4861 517
4314 1086
1036 0
5990 0
4146 0
1994 0
174 0
1081 0
5099 0
1301 0
3596 735
5390 0
2858 0
3415 4392
1660 0
5118 0
3005 89
1413 3637
2414 176
4231 0
5350 5323
1745 0
5758 965
6641 0
6347 3477
1803 4106
210 0
3156 0
2270 0
2218 0
3183 2434
410 0
910 5381
2764 1395
4011 0
5011 0
6406 0
4589 5048
6088 0
2119 2081
1718 0
2523 0
2351 760
3344 0
6246 1140
5471 0
3799 0
3203 0
2338 0
1992 4705
4664 0
1336 0
1757 0
3625 0
4124 0
5473 0
5166 0
2981 0
1308 0
5337 0
4748 0
5664 2846
5255 0
708 0
6356 0
3039 0
408 0
391 0
1493 0
4417 2380
1843 6367
3942 0
3093 0
5892 0
5122 0
5818 1907
6503 0
231 0
3067 1340
4119 5074
4108 0
915 0
6303 0
286 4146
3591 0
1855 1971
2780 0
6254 0
1451 0
1464 0
1179 0
2731 3319
4442 0
4597 5045
6478 0
1333 6366
5634 810
5881 0
2573 6259
2459 5495
4623 0
5645 0
3447 0
1956 0
5535 0
1856 0
2666 0
2958 0
2999 0
6264 0
3265 0
1297 1796
4228 0
3530 0
3710 3842
4423 0
5940 5997
3579 0
2332 0
269 1701
4633 1344
4833 1994
3077 3739
5316 2593
3791 3982
6547 5437
3057 0
5666 0
3711 518
2303 0
3210 6398
3584 0
2698 0
286 2616
5626 0
898 0
6356 575
850 0
5661 0
2651 0
2034 0
6429 0
5382 0
491 0
3874 2187
6622 6522
4095 0
1267 0
4394 0
1358 2491
876 0
1623 2105
6242 5113
1470 0
2181 0
3277 0
5345 0
2562 0
2488 0
178 0
1625 3834
957 0
4054 0
4959 4661
1712 0
3283 4848
1658 2459
4444 0
2776 3530
3956 0
5740 0
2754 0
3882 0
374 6644
3416 0
6341 3997
1430 0
6041 0
4733 0
1601 0
2952 0
5338 2975
4472 0
5596 6244
2315 0
2150 6669
1534 2833
6005 0
6103 236
840 0
770 0
4554 3314
6630 0
2415 0
1428 3595
4361 4122
5095 0
6104 0
98 0
6133 6431
5981 0
1629 4131
2183 0
1320 0
3689 0
5463 5612
1163 0
3999 0
2373 1788
3111 0
823 0
3737 0
680 0
5434 1602
811 0
2969 0
1156 0
2676 1332
3613 3561
913 859
3134 2391
3210 5517
6016 0
714 0
743 0
2282 5434
4847 0
1394 3482
3298 0
4597 0
1295 0
2409 0
4275 0
4964 0
