100 95
91 38
25 14
56 92
56 5
63 42
36 55
50 80
25 66
17 82
2 75
32 100
13 18
11 74
40 49
10 19
52 54
32 7
96 51
15 48
44 90
51 71
60 53
88 79
4 1
33 65
45 53
34 84
57 13
27 82
4 69
91 66
6 86
57 81
17 22
70 9
16 25
8 95
43 24
3 18
31 59
57 93
55 7
13 67
40 16
45 20
46 33
68 98
70 19
28 62
96 58
37 9
28 77
90 72
86 42
47 35
14 49
38 99
17 87
64 13
16 81
12 2
85 29
68 94
85 20
41 50
83 17
21 98
88 99
80 75
26 24
39 47
5 73
57 78
51 72
34 13
92 27
2 76
23 46
44 69
89 80
43 73
47 6
99 26
52 74
98 22
47 15
61 38
59 77
100 65
80 8
14 71
37 62
30 6
97 36
54 29
