972 946
151 679
912 560
391 772
727 338
128 403
186 286
952 529
304 136
167 643
116 540
851 962
654 103
234 125
25 206
258 615
534 568
120 373
499 562
77 187
96 345
199 526
941 971
752 245
526 630
687 828
129 911
34 201
391 681
369 6
784 768
632 925
215 329
800 734
755 45
642 269
603 122
674 454
880 25
612 488
740 280
502 753
363 284
232 769
727 716
963 640
368 71
396 41
448 203
610 328
896 76
905 51
165 142
81 732
403 462
236 971
932 495
731 567
566 675
697 166
557 876
284 815
844 799
5 346
230 281
643 156
962 426
55 684
790 70
722 655
251 146
111 466
919 12
629 96
718 481
79 598
878 780
566 760
357 764
929 659
195 330
217 213
726 658
959 252
172 699
308 44
883 70
227 627
787 776
291 587
638 878
534 835
943 60
924 527
98 506
181 877
223 237
75 370
664 818
747 178
635 653
616 113
420 696
354 950
624 573
833 938
518 819
860 939
82 392
580 599
127 318
209 733
879 736
301 950
406 495
201 432
153 42
247 385
48 100
285 27
500 502
628 266
50 655
887 840
37 44
893 196
220 936
915 499
742 92
115 696
80 200
266 38
166 802
669 220
335 243
816 686
246 572
846 898
427 318
891 789
389 307
750 604
706 846
257 644
952 341
523 677
469 522
57 763
120 785
942 550
865 538
755 425
797 297
324 645
297 565
784 477
340 879
36 42
591 496
555 183
814 708
637 688
16 359
380 831
485 117
93 905
876 627
498 771
196 801
367 583
166 759
660 353
964 601
255 431
174 393
792 272
423 786
739 305
374 574
47 669
682 320
479 144
169 421
647 955
807 223
899 310
213 382
418 540
162 438
625 617
724 68
274 949
76 905
119 3
947 852
51 348
378 322
323 146
13 107
936 921
908 121
249 927
78 433
953 17
335 103
792 306
935 672
422 480
714 218
129 134
326 167
269 90
614 611
518 673
825 361
257 89
553 343
294 70
411 404
41 769
785 750
519 155
887 16
71 567
779 2
375 966
661 18
535 178
91 407
506 392
625 709
569 340
820 540
685 514
545 474
451 190
414 133
815 481
480 401
118 710
318 303
956 961
856 43
417 314
176 325
471 519
145 493
821 756
312 738
429 599
333 546
196 502
443 205
585 231
307 702
421 603
920 305
96 543
73 283
748 344
362 621
841 104
43 526
445 116
576 913
54 184
157 68
2 342
132 161
325 102
658 954
835 186
689 863
661 870
735 634
848 139
619 360
232 712
577 299
833 444
503 158
582 216
694 262
101 710
270 495
370 841
26 108
737 542
851 89
514 472
205 209
16 111
639 143
452 330
140 80
577 767
368 64
646 224
214 170
431 348
62 846
700 172
409 265
193 340
792 130
399 302
886 195
755 596
366 37
842 725
837 594
376 605
210 462
35 147
80 841
779 466
828 439
540 772
587 150
473 226
948 723
112 153
7 522
821 782
862 916
260 408
21 683
18 461
163 733
607 924
28 388
795 412
411 662
533 916
136 145
536 862
86 347
805 373
728 575
946 300
755 407
741 406
964 783
83 374
954 155
677 263
489 267
717 27
674 85
287 909
707 263
618 114
427 148
504 623
625 20
533 321
44 854
804 412
238 97
340 928
800 199
878 663
482 760
183 505
56 212
258 179
180 713
843 683
720 906
60 325
324 183
20 190
54 242
804 84
640 626
595 523
201 693
57 45
506 14
371 552
651 198
374 424
967 587
898 885
196 36
46 426
316 930
622 926
11 415
50 488
918 328
693 334
614 776
555 730
732 85
254 260
470 287
49 582
823 30
518 293
176 495
306 698
219 489
770 586
832 926
666 168
255 413
337 831
331 678
762 858
32 652
814 496
402 244
665 190
336 35
638 16
863 258
300 253
737 512
806 197
503 838
901 474
268 861
965 472
466 397
4 576
80 192
32 458
351 442
616 437
662 166
551 744
764 687
587 15
335 874
314 641
249 671
94 30
464 384
44 865
300 22
559 564
196 31
478 747
846 709
740 796
839 765
234 248
568 8
704 490
851 235
298 799
760 296
536 413
944 620
755 968
314 694
934 531
380 357
794 656
931 572
239 441
880 387
20 708
339 80
475 655
350 829
727 471
702 936
202 538
407 870
300 770
657 381
902 946
695 291
176 825
98 933
89 809
678 626
23 647
130 664
446 569
192 859
456 644
284 684
314 244
522 15
479 346
557 119
146 407
442 50
561 351
942 337
156 467
463 646
742 144
315 73
830 259
857 352
812 71
389 230
50 400
589 135
318 619
879 53
768 635
426 798
229 90
903 326
489 837
935 853
308 160
648 206
641 570
908 405
596 811
611 703
928 530
55 86
32 769
84 606
470 606
427 855
877 525
815 199
573 558
952 826
71 378
882 74
906 221
937 345
715 398
788 669
934 537
849 498
584 51
217 353
312 465
789 835
483 581
114 414
492 132
79 364
383 450
601 926
257 863
490 309
826 873
50 524
302 900
349 300
95 59
771 92
227 605
941 220
369 33
149 655
729 137
52 775
513 196
623 441
290 74
417 412
14 692
497 453
852 842
121 291
830 154
749 567
224 289
493 620
507 965
20 574
853 499
745 526
579 507
473 270
654 571
691 417
816 473
80 238
228 419
206 297
463 454
610 492
511 228
758 59
120 27
613 385
54 142
478 543
743 592
314 109
300 110
715 283
660 422
838 422
67 772
912 957
899 685
601 403
88 282
449 53
795 319
922 344
277 538
309 767
443 457
354 245
440 99
936 508
356 386
48 589
596 455
332 888
895 815
711 573
936 947
165 539
668 71
250 411
1 843
352 659
971 23
240 868
597 576
560 531
588 460
700 477
367 939
515 444
506 758
392 549
188 201
321 393
563 755
406 329
416 94
541 259
516 857
559 106
816 252
781 399
334 39
201 232
147 318
544 101
369 382
931 773
185 348
701 957
401 889
400 723
598 467
940 755
621 249
548 970
522 559
356 373
244 56
917 581
264 840
275 628
173 659
436 318
60 680
222 548
273 601
208 709
774 174
631 19
204 81
903 532
408 774
869 855
853 588
178 576
48 98
894 261
171 9
278 821
926 125
94 53
803 375
218 13
791 632
863 489
791 464
211 442
554 121
123 440
913 602
66 314
207 706
150 872
728 268
850 749
307 369
241 781
487 940
894 656
543 945
403 183
808 415
34 821
509 34
105 891
918 437
170 721
366 410
758 836
858 694
44 394
546 578
265 649
452 510
225 247
175 575
830 417
521 633
276 141
10 858
808 229
140 796
914 845
528 946
510 231
5 358
967 897
538 434
370 52
364 690
213 971
383 543
746 102
130 442
726 657
878 483
34 183
181 642
743 126
636 546
645 390
372 966
518 826
941 850
520 88
844 600
539 332
890 597
453 288
881 865
351 778
206 711
313 704
720 752
679 590
516 972
758 969
548 898
327 609
795 766
587 295
491 215
901 345
291 868
703 705
177 883
182 19
475 122
301 754
794 255
468 296
682 857
198 381
699 4
719 502
900 547
817 200
777 671
137 914
58 780
158 239
95 824
782 757
779 26
256 317
87 184
96 640
310 159
311 878
271 593
80 180
787 595
960 866
159 532
910 215
537 175
854 827
884 751
909 409
546 847
953 200
103 596
254 21
84 254
799 667
298 338
846 438
419 471
138 149
923 451
1 553
241 651
861 237
25 388
790 884
659 865
196 890
871 125
27 29
448 659
613 707
593 131
141 602
714 607
152 182
318 914
556 384
24 615
15 786
358 688
649 583
69 880
504 922
189 403
47 428
146 609
670 958
225 191
164 184
196 834
509 240
276 804
11 197
590 834
433 304
412 355
938 221
373 848
491 517
130 72
400 65
486 849
870 737
866 306
754 63
171 621
522 572
864 661
666 935
129 442
501 521
233 194
834 904
400 395
261 376
383 676
867 543
871 822
760 639
86 377
518 898
698 494
40 569
479 162
587 743
964 578
589 430
435 438
340 761
608 116
920 534
892 499
591 371
738 347
886 118
951 684
799 290
275 944
288 316
423 919
279 447
712 124
216 293
44 848
258 274
293 813
484 565
78 527
292 834
879 2
810 476
907 305
24 724
59 551
497 925
206 650
204 307
365 543
289 501
439 618
772 440
279 313
779 77
194 633
515 860
169 806
315 829
314 546
153 379
152 191
765 427
807 214
486 544
281 748
664 956
133 3
604 476
593 883
494 270
12 550
117 457
793 423
690 163
447 107
233 398
735 673
930 705
889 377
875 689
308 256
485 511
61 213
599 359
459 879
946 870
