982 946
340 761
375 803
305 739
513 196
576 597
104 841
879 340
709 625
96 543
438 846
786 15
416 94
409 909
630 526
73 283
182 19
445 116
496 814
340 928
393 321
688 358
388 28
688 637
892 499
568 534
568 8
386 356
746 102
755 425
69 880
644 257
665 190
286 186
44 308
172 700
442 351
758 506
605 376
83 374
503 838
964 783
641 570
528 946
229 808
591 371
171 621
723 948
492 610
932 495
292 834
827 854
764 687
404 411
789 835
248 234
781 399
267 489
245 752
296 760
196 36
938 221
871 125
601 926
142 54
748 344
710 118
779 77
400 395
669 47
593 883
351 561
17 953
134 129
297 565
281 748
912 957
638 878
460 588
332 888
614 776
480 401
618 114
725 842
702 936
878 311
165 142
9 171
228 419
153 42
608 116
199 800
103 335
940 487
22 300
847 546
696 420
755 596
414 114
784 477
936 947
641 314
427 318
904 834
279 447
765 839
345 96
683 21
620 944
749 850
916 533
448 203
348 51
255 431
753 502
59 551
514 472
567 749
151 679
860 515
213 382
668 71
865 659
615 24
899 685
214 170
263 677
857 516
758 59
557 876
698 494
464 791
878 483
403 189
633 521
930 705
131 593
190 451
660 422
140 796
589 135
224 646
745 526
313 704
181 642
874 335
631 19
306 792
651 198
596 811
887 16
23 647
840 887
327 609
369 307
743 126
502 719
537 175
955 647
571 654
202 538
841 80
340 193
301 754
821 756
791 632
518 293
497 925
453 497
582 216
109 314
274 949
442 130
707 613
592 743
377 86
492 132
863 689
44 394
407 146
277 538
534 920
455 596
97 238
754 63
939 367
98 506
690 364
356 373
859 192
369 33
408 260
886 118
855 869
604 476
204 81
625 20
180 80
760 639
39 334
128 403
319 795
522 7
86 347
563 755
89 851
406 741
479 346
795 766
291 868
527 924
284 815
314 694
389 307
542 737
415 11
155 954
146 323
878 663
137 914
387 880
219 489
581 917
884 790
466 779
164 184
710 101
826 952
611 614
215 910
146 609
483 581
662 166
807 214
935 853
567 71
559 522
178 535
243 335
304 136
941 850
417 314
121 291
931 572
835 186
53 94
129 911
966 372
62 846
552 371
384 556
890 597
519 155
877 525
831 380
971 23
862 916
383 676
499 853
220 936
352 659
160 308
136 145
90 269
220 941
539 165
947 852
764 357
329 406
252 816
149 655
760 566
855 427
223 237
254 21
655 475
78 433
71 812
259 541
213 61
5 346
673 735
145 493
651 241
454 674
730 555
959 252
742 92
183 505
569 40
2 342
206 297
886 195
898 885
194 633
790 70
389 230
380 357
34 509
249 671
787 595
638 16
818 664
713 180
785 750
825 361
374 424
332 539
891 789
728 575
544 101
680 60
471 727
197 11
229 90
119 3
495 176
656 794
419 471
98 933
234 125
463 454
409 265
60 943
935 666
152 191
268 861
27 29
658 954
799 844
122 603
139 848
792 130
693 334
258 863
666 168
716 727
523 677
315 73
967 587
301 950
908 121
547 900
282 88
918 437
205 209
412 417
965 507
776 787
744 551
318 619
374 574
605 227
692 14
208 709
711 206
684 55
951 684
52 370
273 601
166 697
298 338
806 197
166 759
934 531
895 815
891 105
68 724
964 578
841 370
489 837
678 626
500 502
153 112
481 815
555 183
772 440
362 621
13 218
875 689
295 587
287 909
830 154
740 280
971 213
562 499
232 712
181 877
178 576
504 623
775 52
300 110
806 169
16 111
963 640
770 300
117 485
167 326
844 600
441 623
272 792
774 174
952 341
235 851
467 598
306 698
660 353
87 184
540 116
678 331
939 860
691 417
804 412
56 212
178 747
816 686
217 213
937 345
572 246
768 784
367 583
290 74
200 817
57 45
584 51
472 965
593 271
876 627
48 589
611 703
255 794
715 283
657 381
599 580
712 124
14 506
329 215
411 662
550 942
78 527
857 352
958 670
913 602
621 249
166 802
123 440
298 799
634 735
285 27
442 211
732 85
264 840
702 307
222 548
162 438
32 458
413 536
485 511
183 403
320 682
835 534
444 833
261 376
149 138
498 849
351 778
795 412
826 518
163 733
388 25
883 70
457 117
722 655
337 942
914 845
435 438
926 125
918 328
715 398
863 257
190 20
76 905
86 55
451 923
493 620
275 944
652 32
524 50
418 540
263 707
881 865
632 925
736 879
679 590
452 510
824 95
602 141
406 495
743 587
920 305
196 801
158 503
898 518
927 249
251 146
244 314
161 132
137 729
244 402
530 928
289 501
587 291
317 256
706 207
321 533
81 732
27 717
360 619
586 770
853 588
245 354
400 723
915 499
434 538
760 482
260 254
444 515
463 646
422 838
65 400
370 75
316 288
369 382
935 672
777 671
31 196
121 554
364 79
328 610
865 538
848 44
159 532
25 880
708 814
494 270
359 16
107 447
867 543
150 587
48 100
800 734
431 348
484 565
914 318
177 883
433 304
577 299
359 599
68 157
599 429
330 452
615 258
466 111
473 226
471 519
27 120
20 708
720 752
661 870
191 225
598 79
635 653
343 553
762 858
537 934
30 823
70 294
144 479
107 13
767 577
258 179
629 96
726 657
969 758
84 254
397 466
3 133
771 498
772 540
156 643
237 861
906 720
700 477
24 724
544 486
930 316
326 903
750 604
545 474
284 363
127 318
266 38
543 478
381 198
587 15
415 808
201 34
667 799
654 103
259 830
238 80
946 902
804 84
349 300
369 6
601 403
473 816
546 333
50 400
822 871
192 80
913 576
183 324
870 407
718 481
253 300
255 413
755 940
42 36
854 44
645 390
828 687
176 325
309 767
936 508
262 694
393 174
312 465
423 919
758 836
531 560
946 300
217 353
502 196
510 231
798 426
606 84
467 156
772 391
857 682
495 270
613 385
470 287
674 85
421 603
616 437
970 548
649 265
540 820
705 703
517 491
449 53
185 348
480 422
366 410
478 747
223 807
618 439
206 650
829 315
578 546
901 345
490 309
148 427
473 270
781 241
511 228
133 414
879 53
314 66
152 182
566 675
119 557
423 786
67 772
769 41
54 242
379 153
227 627
595 523
218 714
318 147
681 391
233 194
324 645
338 727
464 384
224 289
476 810
961 956
863 489
520 88
740 796
780 878
769 232
336 35
926 832
462 210
664 130
385 247
643 167
625 617
450 383
47 428
150 872
276 804
34 821
365 543
196 890
636 546
833 938
755 45
199 815
102 325
486 849
392 549
962 426
699 4
906 221
188 201
206 25
77 187
737 512
421 169
526 43
964 601
543 945
276 141
919 12
34 183
640 626
673 518
898 846
233 398
240 868
130 72
569 340
924 607
199 526
378 71
60 325
50 488
693 201
742 144
49 582
143 639
856 43
344 922
59 95
209 733
337 831
339 80
579 507
256 308
699 172
898 548
426 46
366 37
44 865
147 35
470 606
635 768
446 569
714 607
591 496
405 908
848 373
184 54
91 407
288 453
250 411
971 941
302 399
230 281
468 296
661 18
828 439
92 771
354 950
37 44
773 931
441 239
257 89
826 873
968 755
448 659
897 967
15 522
843 1
889 401
412 355
140 80
368 64
711 573
805 373
782 821
278 821
851 962
176 825
901 474
491 215
303 318
383 543
696 115
173 659
553 1
893 196
509 240
546 314
669 220
583 649
628 275
642 269
408 774
195 330
728 268
106 559
755 407
89 809
82 392
358 5
956 664
2 879
158 239
417 830
392 506
26 779
129 442
966 375
440 99
48 98
225 247
274 258
216 293
462 403
266 628
261 894
737 870
18 461
866 306
297 797
785 120
846 706
122 475
302 900
30 94
788 669
559 564
313 279
576 4
558 573
793 423
882 74
866 960
661 864
782 757
763 57
899 310
501 521
622 926
658 726
834 196
907 305
108 26
236 971
290 799
957 701
889 377
870 946
201 232
829 350
396 41
624 573
738 312
522 469
684 284
862 536
50 655
843 683
103 596
504 922
590 834
704 490
113 616
293 813
721 170
430 589
952 529
731 567
201 432
163 690
695 291
310 159
819 518
575 175
96 640
56 244
953 200
58 780
120 373
12 550
896 76
884 751
972 516
231 585
307 204
10 858
318 436
50 442
532 903
479 162
443 205
522 572
644 456
574 20
738 347
427 765
93 905
200 80
457 443
32 769
905 51
921 936
894 656
378 322
879 459
71 368
912 560
929 659
694 858
779 2
206 648
612 488
514 685
842 852
594 837
709 846
