1073 1827
285 844
27 852
782 222
831 503
788 133
449 507
513 742
327 986
767 223
769 139
838 297
813 655
755 322
503 714
199 652
935 169
143 272
997 81
163 284
908 654
347 342
902 951
756 842
38 1033
197 575
991 464
704 662
350 792
663 723
290 111
385 991
995 392
90 433
521 356
109 234
60 927
194 642
956 314
82 739
823 703
1024 618
674 229
956 380
757 937
546 661
508 2
708 746
21 267
948 369
401 764
928 294
562 992
545 296
726 695
437 362
363 357
575 718
135 352
648 601
509 963
590 360
745 439
1004 870
373 876
108 594
508 54
748 203
82 868
679 553
92 1001
29 669
575 641
752 155
298 534
159 50
1064 932
510 569
547 535
5 572
144 271
943 969
382 779
897 577
856 775
1070 732
420 691
888 234
780 1043
171 678
804 423
597 104
521 279
751 455
225 963
643 16
609 256
421 227
949 176
486 483
823 1062
1001 965
116 984
791 188
683 285
306 674
88 667
253 271
737 472
616 456
383 969
691 564
915 1033
54 952
976 969
949 953
274 267
176 328
775 1052
468 207
67 909
832 419
32 770
689 745
519 392
802 837
991 351
652 293
177 914
110 892
58 875
743 766
586 181
829 515
247 884
226 391
422 912
412 546
638 921
828 20
1017 990
404 616
833 180
963 843
936 867
523 854
677 653
853 397
418 109
628 567
237 895
921 797
898 799
374 408
970 193
674 552
107 341
159 620
886 222
435 36
596 10
382 469
812 952
728 549
494 412
1028 578
368 5
991 128
1062 358
103 780
20 867
431 550
491 329
121 893
524 334
298 120
461 589
770 584
101 162
1016 1014
103 732
964 363
640 354
78 852
606 233
15 803
507 751
372 550
640 56
389 705
1028 919
266 386
15 1059
100 1034
365 479
875 873
29 543
20 904
508 550
293 1057
891 392
834 68
557 339
327 542
540 1056
883 350
782 139
34 157
322 875
1008 290
426 694
862 480
540 1002
1037 737
14 190
456 296
640 865
497 745
528 878
181 725
656 571
319 609
107 1005
572 960
511 442
607 923
533 16
850 65
886 373
234 267
629 503
354 963
513 741
255 695
868 233
659 571
284 334
920 338
397 633
814 140
480 684
396 772
798 870
1054 615
93 675
1007 922
189 774
286 735
80 1043
78 402
539 229
9 804
623 1068
984 177
397 240
137 375
1018 608
658 829
990 58
34 1016
503 555
813 778
892 206
967 120
565 531
491 887
864 982
231 505
32 893
969 381
773 339
955 569
1020 86
765 540
945 393
1019 705
570 514
959 591
313 1061
826 462
200 586
340 7
645 618
66 826
640 710
759 179
430 580
803 815
407 245
889 158
617 632
543 1052
798 804
773 945
637 741
988 763
612 603
33 802
353 530
986 453
644 1039
1003 674
933 243
754 1027
510 1054
605 743
682 309
786 66
213 1005
592 85
752 168
257 715
715 962
938 476
481 966
983 837
282 129
162 410
139 159
1004 415
338 855
704 727
511 481
705 646
426 99
786 1050
83 607
204 424
427 736
63 266
324 826
456 676
912 175
780 651
300 1001
31 60
626 200
66 172
590 99
685 640
1070 230
1047 880
1001 1000
795 510
287 267
1001 906
402 955
355 420
872 321
550 846
725 678
109 340
407 108
370 132
119 112
483 734
608 895
747 528
229 810
958 253
224 62
541 976
525 879
482 711
861 283
244 492
168 872
766 950
548 1027
671 826
164 865
29 347
35 7
162 395
383 120
705 629
668 977
671 466
864 947
1013 589
750 474
369 59
766 241
647 490
1051 31
474 152
453 225
349 746
382 111
389 710
66 818
1068 831
430 480
762 407
448 630
465 922
600 558
499 790
607 346
55 133
885 225
758 708
527 471
428 595
51 319
523 1038
409 236
64 291
668 1057
435 1019
10 843
1060 206
416 754
848 489
837 236
1045 66
997 944
319 631
169 817
510 317
517 556
202 220
602 796
209 315
265 424
944 631
134 16
849 206
620 350
745 40
651 149
622 457
1073 204
87 910
1019 599
65 105
947 1058
292 784
463 234
231 1016
552 178
1057 138
438 93
239 636
967 631
940 585
235 827
268 918
416 1013
212 115
985 960
939 737
66 825
234 220
321 509
107 722
154 328
780 581
85 114
186 895
581 143
506 462
38 380
704 748
815 903
528 802
687 193
688 692
311 500
628 712
1001 707
995 480
473 412
728 349
13 462
455 945
113 89
2 745
3 431
362 899
640 922
391 762
67 583
1008 493
187 327
356 222
219 532
470 618
226 755
280 835
820 442
461 61
286 27
259 311
919 70
498 435
184 475
556 394
36 608
25 381
4 273
736 458
997 462
824 927
408 278
472 177
677 422
807 146
365 820
36 35
425 244
593 753
134 511
83 50
765 1069
780 1047
323 829
447 317
620 152
232 635
325 541
253 444
146 745
1033 1026
1014 860
482 1039
598 930
903 181
867 1055
184 676
203 989
229 1036
764 341
454 329
518 440
855 372
35 430
25 899
1029 528
359 522
560 1065
728 466
1037 532
48 1030
896 996
797 939
915 280
725 1007
518 611
558 666
363 610
304 557
122 942
278 175
589 49
579 198
22 671
885 394
1016 433
328 371
533 421
656 890
607 457
688 107
482 293
895 167
996 870
656 46
26 346
784 105
360 611
755 736
234 208
532 797
217 175
390 239
793 835
75 843
606 777
897 126
719 522
667 398
105 887
301 701
600 891
74 895
665 921
402 896
466 239
402 528
320 1033
811 611
337 560
294 56
124 39
62 202
123 336
6 458
372 420
15 871
436 413
799 543
837 642
901 648
830 690
994 381
432 849
1003 269
163 338
62 577
160 316
224 320
462 938
975 95
23 776
1043 467
592 106
276 369
314 234
1000 52
442 34
92 700
1002 418
735 862
229 391
859 640
338 148
307 989
777 515
709 640
797 761
656 606
586 643
96 266
46 30
1020 797
505 840
1006 1027
1029 691
233 812
459 863
832 977
210 491
455 495
165 279
183 255
566 500
106 1035
653 989
913 1010
93 137
473 993
4 661
380 788
967 959
109 531
513 778
813 753
778 335
520 679
599 197
395 377
320 235
967 347
779 838
259 548
722 619
712 859
140 376
1012 138
115 318
63 995
456 285
234 310
915 259
863 277
496 482
493 971
550 307
1000 1068
170 383
483 1058
992 819
401 717
96 272
51 753
47 470
825 444
761 966
558 881
653 566
597 790
905 933
972 346
515 849
426 548
559 531
167 322
720 165
965 957
41 105
1022 164
981 505
965 189
590 301
713 1005
179 867
941 448
274 310
1063 863
527 393
502 14
967 521
100 38
385 415
805 559
639 789
35 186
766 982
1024 620
781 269
37 615
762 897
573 544
1026 593
102 869
814 416
251 436
811 712
827 796
1018 704
839 965
876 140
206 416
472 6
8 904
269 550
845 324
698 805
532 1
1011 465
281 651
893 950
1001 947
707 471
258 1034
751 338
145 926
294 1001
1066 760
1016 601
536 987
658 273
12 428
752 1013
751 683
774 278
441 379
255 877
925 498
575 847
195 370
27 425
178 356
803 185
940 596
594 602
323 759
861 282
1 137
86 794
686 274
947 475
471 407
745 1053
215 804
889 700
326 547
849 564
305 209
91 356
576 487
159 183
779 1011
118 192
504 417
872 807
378 127
866 610
1045 325
834 1041
737 153
24 103
875 896
755 790
609 80
174 346
1070 188
755 741
898 648
516 724
403 323
57 412
521 893
638 955
435 344
588 568
352 132
648 1065
484 785
85 924
335 981
413 575
1054 738
79 522
114 475
623 384
558 433
598 451
131 756
305 902
522 965
1022 281
507 772
663 827
896 356
477 506
628 707
615 903
199 480
412 106
302 722
742 363
414 282
33 109
393 989
798 4
413 247
92 711
989 379
903 878
1016 424
757 577
948 1017
782 33
1067 222
821 948
1070 142
538 864
662 236
608 21
926 755
185 30
490 214
864 669
284 677
100 141
812 289
583 260
888 727
537 521
1028 654
375 64
278 687
461 91
442 147
869 754
206 690
826 133
565 1035
218 924
977 372
1034 323
1026 403
436 930
46 487
70 584
621 675
720 122
447 882
144 234
702 568
647 582
140 92
94 1029
697 1023
205 475
771 1065
189 783
460 543
577 782
1020 1035
288 1010
723 445
53 598
401 399
980 156
1014 208
733 460
751 706
192 470
442 993
333 578
356 468
1039 774
741 601
132 1020
733 640
225 804
951 222
1025 212
990 444
75 861
929 443
745 435
682 417
375 767
804 280
970 395
162 235
513 723
114 687
979 594
394 410
462 801
29 164
311 383
29 148
348 649
906 463
343 732
1013 1058
19 913
925 321
115 193
5 995
558 291
834 936
970 410
870 879
943 482
57 238
685 312
883 229
736 633
385 836
62 296
44 289
834 240
352 499
399 853
5 1042
145 987
384 301
490 53
527 781
855 154
881 573
765 743
924 870
792 2
1007 262
313 463
340 48
53 843
515 695
214 735
930 664
258 467
472 113
673 860
303 158
960 390
772 769
683 503
815 276
700 718
139 1065
94 485
196 823
520 946
936 735
65 517
560 1
638 918
238 1019
374 774
961 885
410 959
543 166
890 115
827 142
202 997
137 878
1017 838
473 560
297 965
148 804
368 1058
938 186
953 877
490 158
35 999
1015 161
580 502
1057 637
186 528
392 466
953 176
692 763
239 685
926 116
629 424
363 388
958 957
863 557
414 510
810 600
410 262
384 15
328 460
378 523
420 319
92 1016
589 249
854 768
855 20
639 874
32 69
734 704
424 919
801 621
894 458
1014 91
398 751
1021 548
125 691
461 264
278 659
814 763
157 601
331 1017
321 313
94 838
981 356
601 860
1013 349
771 388
724 451
98 1053
427 348
881 913
468 1073
591 926
1003 184
1043 895
638 723
1059 522
384 932
543 81
496 857
987 733
1024 907
921 591
1009 223
1064 233
342 882
424 549
789 504
481 222
527 910
598 438
112 50
272 1069
223 374
508 472
395 924
1021 184
607 727
227 959
1027 808
148 323
905 334
548 736
159 8
580 728
539 450
117 962
136 191
1054 692
863 1050
534 181
887 877
433 943
764 550
929 680
904 996
273 256
410 130
541 920
924 489
934 702
945 254
465 814
246 852
22 234
848 706
179 708
572 95
512 706
216 680
411 28
356 820
824 1071
493 800
27 227
413 96
941 1060
383 670
864 114
130 658
691 624
71 4
325 692
138 173
351 1038
829 370
117 850
229 875
923 895
1071 502
511 785
694 286
1035 372
948 32
897 207
869 459
863 1058
944 659
500 754
122 224
747 307
264 475
142 586
782 400
315 455
972 151
693 808
203 1015
491 123
51 1039
215 636
1032 615
926 326
188 806
381 482
106 1006
956 1012
889 56
185 28
402 1013
178 44
32 301
150 828
584 161
130 513
230 1012
1013 210
1017 742
555 12
845 246
276 983
364 71
92 541
305 1023
367 2
815 687
499 942
15 687
805 585
794 535
533 193
135 520
551 425
937 143
754 195
817 657
561 239
819 845
161 605
532 582
343 277
445 531
383 163
523 589
363 142
59 1
501 227
438 972
981 730
442 844
824 889
464 186
855 623
1046 515
683 267
103 595
280 647
1000 574
5 538
904 341
579 650
939 860
507 779
450 918
138 942
496 591
391 743
661 907
596 607
397 274
352 933
101 773
914 999
500 554
310 355
770 961
638 283
388 950
315 681
347 45
128 503
1059 672
201 674
536 28
729 134
275 422
901 586
435 845
475 906
549 964
1015 101
310 846
491 940
794 494
217 920
845 342
567 1052
387 438
653 470
488 874
385 364
209 799
73 964
715 456
942 345
554 828
473 301
122 155
168 140
574 701
654 94
361 868
982 1055
803 3
246 350
228 612
316 569
1055 882
1073 683
228 278
201 397
23 327
802 270
1054 650
996 131
343 769
597 110
153 949
481 707
296 94
232 921
174 686
956 324
868 534
1061 182
537 413
620 521
416 865
727 358
1032 84
88 922
991 791
942 514
760 925
1060 704
423 408
434 1053
636 603
559 388
807 368
85 105
168 360
100 970
482 950
392 343
616 289
546 173
996 102
293 641
305 342
1058 192
740 884
748 911
800 680
170 118
392 840
660 249
19 779
980 908
929 592
372 422
363 611
1004 419
137 559
1000 991
176 5
448 362
938 737
297 129
773 845
378 316
919 1067
1013 1026
324 473
275 337
548 812
1039 453
507 1009
331 355
737 590
170 248
851 251
518 302
791 716
958 872
363 165
965 1029
572 399
679 595
164 708
6 994
839 290
526 194
817 1042
80 29
239 554
609 659
1034 954
683 805
491 254
56 58
924 60
418 155
459 831
508 412
112 951
378 801
410 396
611 857
942 60
26 928
356 26
78 187
446 501
97 415
507 982
598 1072
42 1033
475 202
950 690
272 784
487 820
617 230
77 1020
899 39
863 1011
267 365
456 792
304 136
653 190
238 204
316 898
535 99
965 1042
919 940
353 546
678 875
379 639
788 616
407 805
230 968
205 87
494 1053
675 488
426 31
955 77
794 874
538 740
338 607
261 872
576 905
368 778
291 837
667 24
19 444
11 1054
206 1032
1023 756
804 799
1072 773
797 848
405 1023
1050 13
52 379
993 748
724 459
294 613
704 385
201 468
430 414
602 581
746 783
969 781
541 402
436 765
420 387
900 811
581 756
74 562
755 983
595 221
104 189
778 817
7 594
834 18
978 319
808 604
859 475
585 529
557 1002
458 917
891 12
949 327
440 1071
1052 722
181 990
880 430
812 1063
23 434
103 108
522 377
1069 961
4 336
751 43
442 83
560 963
1044 628
591 750
286 399
905 192
39 32
690 118
889 258
104 875
171 391
157 112
277 241
193 721
162 807
501 682
1023 325
865 916
681 983
82 770
611 858
15 329
483 549
766 330
810 100
590 680
475 749
61 85
235 490
491 343
268 191
598 406
367 119
881 715
935 575
754 544
639 192
698 691
460 896
614 508
653 746
386 196
697 801
119 791
554 33
227 830
342 930
209 713
110 318
841 1025
32 512
214 72
489 43
151 570
977 637
709 729
973 199
50 898
42 156
377 735
12 161
735 17
195 684
572 339
870 361
866 426
706 210
710 251
171 758
657 1022
403 457
975 449
331 352
862 425
475 80
889 1032
941 531
357 680
474 793
295 905
553 324
214 776
511 751
881 178
6 222
384 477
879 706
731 127
835 913
736 864
873 926
859 149
945 223
760 152
833 620
907 359
315 373
490 578
692 553
429 339
411 1060
516 1055
631 288
202 237
265 955
401 275
39 401
513 379
603 444
736 252
844 152
660 759
831 13
189 7
649 233
268 634
771 917
819 655
463 1068
1 1064
670 538
172 603
848 151
783 253
564 625
556 1067
240 943
56 96
603 80
308 1034
194 123
327 642
973 178
211 683
895 627
768 949
76 27
393 111
782 299
896 1049
412 306
466 803
243 36
276 8
353 314
594 384
1 315
490 1048
332 482
1012 29
487 361
872 1023
770 468
241 646
885 591
624 1031
407 167
332 837
707 583
531 1061
479 1000
757 358
494 841
71 23
835 268
157 902
629 267
580 942
626 288
423 177
106 231
986 401
965 691
1004 1013
227 301
748 873
1072 739
679 222
654 552
753 681
44 541
331 356
334 52
476 165
999 1037
842 1007
837 882
634 54
419 486
556 744
432 698
414 956
313 366
561 673
638 787
408 1057
961 135
898 771
509 597
42 379
587 722
47 416
617 357
263 845
135 899
192 359
74 830
267 998
123 298
76 782
58 551
374 700
478 461
166 197
306 855
212 522
985 357
99 241
809 905
1044 575
524 914
470 643
1037 823
156 595
322 515
822 471
399 546
966 829
793 644
547 927
873 646
547 621
661 223
815 441
622 286
901 563
848 14
1013 351
429 1010
1029 351
996 226
66 81
627 392
648 396
912 263
199 575
715 87
931 607
775 699
508 859
11 900
251 816
715 981
1036 231
494 1039
266 881
669 467
181 651
470 492
82 64
732 166
1056 4
603 59
448 980
196 330
236 767
423 281
928 426
511 467
960 967
484 978
894 680
467 767
990 908
121 23
913 4
848 33
468 845
175 277
473 698
937 897
1028 500
432 810
163 472
791 588
776 103
421 579
686 555
787 1034
944 921
577 845
200 178
453 976
19 126
697 321
723 974
67 227
502 944
497 604
937 8
185 207
696 809
30 827
566 334
875 785
385 370
1036 839
79 144
935 430
295 486
48 775
126 739
572 1022
380 1025
664 330
881 50
980 1065
55 332
736 820
745 8
871 999
988 982
376 892
317 847
411 460
277 456
600 264
358 227
181 552
859 729
211 331
208 502
800 446
384 362
69 885
1045 84
502 1052
433 604
52 3
242 374
260 59
613 738
267 182
341 250
629 1044
1002 983
603 97
78 789
1065 348
188 1045
928 934
760 561
338 452
49 1020
10 220
665 1040
1037 658
579 85
331 876
649 455
1015 580
323 195
366 25
