1074 1827
500 554
1071 824
14 848
466 671
674 552
997 202
433 604
479 365
679 595
848 706
413 247
982 1055
772 769
849 432
560 1
234 310
944 631
698 473
1020 797
901 648
271 253
745 146
186 938
929 592
373 886
797 939
694 426
18 834
652 199
578 490
508 472
1054 738
505 981
558 881
379 52
991 791
846 550
918 268
126 739
247 884
223 945
422 677
595 428
27 76
936 867
801 621
316 160
807 872
370 132
922 88
783 253
1013 1058
609 319
73 964
178 44
901 586
953 176
155 752
970 100
214 72
599 197
919 1067
863 459
468 770
130 658
499 352
601 157
994 381
397 853
709 640
35 7
930 664
266 881
130 513
321 872
1025 212
23 776
84 1032
902 305
254 945
43 751
26 356
555 503
578 1028
31 60
533 193
799 209
273 658
697 1023
589 461
481 511
552 178
338 148
475 202
171 391
487 46
493 800
740 538
341 764
541 325
496 591
885 225
292 784
553 679
438 972
381 25
1016 601
642 194
881 715
566 500
1013 349
473 993
546 353
279 165
1071 440
67 227
789 639
655 813
936 735
384 932
208 234
774 374
166 197
713 209
736 820
963 225
752 168
537 413
522 377
36 435
551 58
199 480
117 962
231 505
490 53
1000 479
895 74
79 522
208 1014
736 864
681 315
981 730
1054 11
780 1047
772 507
356 981
145 987
82 770
617 230
644 1039
423 804
798 804
8 159
515 695
94 485
696 809
881 178
111 393
880 1047
737 938
525 879
369 276
1038 351
570 514
486 483
184 1003
403 1026
456 715
99 535
999 871
178 356
553 324
691 125
106 1035
70 584
446 800
1007 262
384 15
857 611
471 822
1068 623
380 956
524 334
375 64
826 324
616 404
177 472
7 189
163 472
628 1044
812 1063
66 818
280 647
725 1007
415 1004
661 907
1052 543
654 1028
595 221
541 44
347 967
385 704
603 80
728 549
85 105
266 63
1034 323
784 105
1033 38
363 142
707 1001
1058 192
194 123
780 103
591 926
973 199
562 74
7 340
364 385
638 921
511 467
501 682
972 151
399 853
658 829
933 905
521 620
389 710
202 237
701 301
859 475
88 667
826 462
948 1017
210 1013
701 574
229 674
543 29
25 366
136 304
831 1068
1019 435
481 707
258 889
38 380
118 192
1066 760
460 896
527 781
282 861
838 297
1073 204
339 557
320 235
70 919
875 104
517 65
1070 142
967 960
528 802
56 58
369 59
53 843
397 633
196 823
963 354
1071 502
328 154
1034 308
462 506
705 646
882 447
752 1013
667 398
638 283
220 10
217 175
377 395
567 628
384 623
965 297
585 940
680 216
237 895
394 410
229 883
145 926
36 608
34 1016
930 598
332 837
1053 434
275 422
677 653
114 475
897 126
491 940
507 449
728 349
692 688
416 865
20 867
349 746
799 804
420 355
66 825
876 331
597 110
958 957
314 234
735 214
27 852
710 251
845 263
536 28
891 392
1060 941
829 966
634 54
890 115
233 1064
1001 92
1015 161
709 729
148 29
395 924
179 708
935 575
281 651
676 184
109 531
929 680
653 190
879 706
597 104
392 466
223 661
267 683
412 494
121 23
595 156
188 1045
769 343
358 727
337 275
561 239
514 942
234 109
768 854
367 119
452 338
572 1022
301 227
686 274
507 982
213 1005
665 921
845 577
977 832
693 808
950 690
316 378
246 852
910 527
567 1052
245 407
582 647
235 490
989 379
607 338
895 627
1039 51
412 306
392 840
736 427
1001 300
1015 203
106 231
910 87
387 438
157 112
843 963
39 124
860 673
734 704
1029 94
478 461
700 889
186 895
968 230
507 1009
384 301
371 328
831 503
837 291
935 430
519 392
171 758
102 869
342 305
989 393
227 959
284 334
168 872
695 726
181 903
471 407
755 741
757 937
1009 223
376 892
669 467
980 156
48 1030
370 829
206 1032
444 603
845 342
360 611
197 575
804 280
905 809
313 366
157 34
1010 913
112 50
868 82
903 615
32 39
395 162
131 996
976 453
115 212
680 590
565 1035
591 959
334 52
995 5
1014 860
969 781
368 807
1042 965
1036 839
938 476
931 607
55 332
1028 500
422 372
83 607
335 778
884 740
1043 80
727 888
358 1062
134 16
640 710
595 103
793 644
36 35
374 408
815 441
786 1050
99 241
205 475
735 377
649 455
817 657
268 191
921 944
276 983
284 677
963 509
91 461
482 711
683 503
373 876
590 301
1020 132
793 474
296 456
956 314
162 807
249 589
550 431
560 473
714 503
815 687
600 558
543 799
331 355
989 653
891 12
903 878
438 598
779 382
1024 620
112 951
192 359
134 729
691 698
1027 754
668 977
298 120
751 706
890 656
541 920
868 534
181 651
678 875
841 494
356 331
219 532
547 927
603 97
606 777
447 317
828 150
56 294
230 1012
166 732
179 759
494 1053
352 933
231 1016
455 315
996 904
418 155
137 1
554 239
854 523
143 581
532 1
926 116
53 598
418 1002
1010 429
1035 1020
588 791
515 777
4 798
453 986
976 969
56 889
645 618
438 93
386 196
850 117
442 34
575 413
345 942
362 448
735 286
406 598
101 773
504 417
920 217
310 274
480 684
601 648
618 1024
369 948
513 379
108 594
121 893
1055 882
234 267
403 457
202 220
228 612
814 140
926 755
7 594
914 524
286 622
195 323
919 1028
315 373
1050 863
482 943
782 139
463 313
389 705
990 58
868 233
35 430
550 508
251 816
402 896
426 99
947 1058
518 302
272 96
556 517
256 273
621 547
306 855
700 92
344 435
801 462
626 288
80 29
943 433
669 864
434 23
589 1013
502 208
886 222
50 83
95 572
272 143
5 1042
736 633
239 390
374 223
157 902
107 341
663 827
923 895
286 399
268 634
561 760
782 33
523 589
783 746
556 744
917 458
555 686
836 385
747 528
32 69
193 721
343 277
586 200
660 249
608 21
771 917
873 748
823 703
100 810
142 827
283 861
887 491
236 409
400 782
350 246
508 859
791 716
544 754
85 579
649 348
804 225
327 642
446 501
702 568
1044 575
732 343
391 229
399 401
464 991
553 692
1054 650
222 481
122 942
805 407
280 915
900 11
111 382
131 756
887 105
799 898
704 727
954 1034
309 682
905 295
589 49
66 786
640 354
302 722
461 264
1036 229
285 844
442 820
808 604
185 207
412 508
1059 15
33 554
1070 732
755 322
949 153
363 611
396 648
945 393
959 967
383 311
961 885
723 638
188 1070
424 265
904 8
563 901
411 28
512 32
844 442
426 866
1014 1016
293 652
583 67
306 674
691 420
928 934
623 855
909 67
985 960
258 1034
76 782
207 897
531 445
340 109
435 498
140 376
502 580
518 611
425 27
969 383
243 36
1019 705
870 361
793 835
639 379
214 776
830 690
315 1
648 1065
267 182
961 1069
579 650
692 763
442 993
448 980
594 384
796 602
859 712
996 226
532 797
921 232
363 610
635 232
754 869
1006 1027
778 817
513 778
683 1073
158 303
874 794
189 774
898 50
775 856
432 810
766 241
548 812
71 4
678 171
1067 222
848 33
363 357
285 683
281 1022
760 152
164 708
957 965
421 533
71 364
849 515
529 585
607 457
804 215
828 20
837 882
293 641
319 51
639 192
564 849
896 356
782 577
763 988
12 555
583 260
1013 402
98 1053
1020 86
1065 560
436 413
845 773
1019 599
528 878
360 590
947 475
1065 139
57 412
174 346
1043 895
948 32
958 253
95 975
967 120
827 30
887 877
460 411
1020 49
913 19
874 488
119 791
346 26
286 27
475 749
379 42
1043 780
181 552
352 132
64 291
815 903
100 1034
766 330
733 987
920 338
723 974
190 14
128 503
490 647
433 90
465 814
564 691
596 607
637 1057
181 586
751 507
907 1024
530 353
522 719
251 851
432 698
609 659
748 911
755 790
535 794
1023 756
691 1029
206 690
605 161
1059 522
802 270
867 1055
870 879
615 37
830 74
872 261
916 865
1 1064
85 592
35 186
680 894
981 715
107 1005
405 1023
494 794
13 462
77 955
391 743
238 204
573 881
924 85
265 955
357 985
692 325
193 687
615 1032
575 718
353 314
166 543
59 260
722 619
449 975
348 1065
267 998
881 50
870 996
600 810
1015 580
631 967
274 397
458 6
419 1004
80 475
29 1012
507 779
653 566
159 139
170 383
231 1036
572 5
184 475
8 276
937 897
585 805
123 298
864 982
566 334
995 392
788 380
548 259
1070 230
133 788
396 410
162 235
259 311
782 299
321 697
661 546
412 546
712 811
722 587
173 138
322 167
531 1061
762 897
255 695
323 403
342 347
1023 325
238 1019
538 5
995 63
412 106
955 402
577 757
945 455
796 827
631 319
363 388
1005 713
138 1012
307 747
424 629
19 444
62 296
925 760
91 356
1014 91
324 845
1008 493
850 65
142 586
119 112
64 82
480 430
442 511
764 550
902 951
267 287
184 1021
907 359
401 39
267 629
169 817
937 143
246 845
935 169
606 656
637 977
4 913
418 109
175 277
352 331
215 636
424 1016
356 222
272 1069
733 640
23 327
154 855
1037 999
60 924
564 625
597 509
278 228
420 372
549 424
908 990
707 471
765 436
323 829
118 690
867 179
19 779
1054 615
543 460
480 862
665 1040
560 963
531 559
580 728
435 745
984 116
455 751
1010 288
225 453
825 444
187 327
984 177
275 401
938 462
1033 320
1033 915
708 758
455 495
282 414
548 1021
347 45
855 338
556 394
654 552
548 736
195 754
227 501
556 1067
348 427
176 949
114 864
54 508
865 640
85 114
388 950
815 803
1048 490
943 969
66 172
1022 657
973 178
159 50
337 560
987 536
845 435
575 641
480 995
803 466
410 959
906 1001
532 1037
829 515
471 527
692 1054
939 860
468 356
59 1
720 122
1000 52
276 815
1015 101
487 361
787 1034
660 759
17 735
950 766
779 838
924 870
918 450
234 220
774 278
629 705
1037 823
43 489
110 892
32 893
908 654
411 1060
466 239
141 100
680 357
397 201
204 424
655 819
236 837
593 1026
97 415
704 1060
502 14
889 824
472 113
988 982
904 20
743 765
996 102
999 35
110 318
748 203
1051 31
651 780
24 667
539 450
490 214
356 521
401 986
671 22
289 812
278 408
675 621
251 436
675 93
397 240
773 339
992 562
643 586
10 843
482 381
429 339
898 771
1037 658
1007 922
837 642
933 243
177 423
769 139
440 518
828 554
466 728
1057 668
428 12
844 152
136 191
883 350
708 746
842 1007
92 1016
59 603
942 580
686 174
1013 351
326 926
3 52
351 991
522 359
944 997
605 743
546 399
476 165
750 591
955 569
549 964
965 691
503 629
363 964
1061 313
374 700
748 704
755 226
924 489
949 953
834 1041
570 151
845 819
513 742
140 92
580 430
812 233
602 594
8 937
584 770
755 736
192 905
381 969
468 207
1035 372
532 582
27 227
649 233
1022 164
803 185
78 789
148 323
930 342
915 259
416 1013
880 430
352 135
29 347
338 163
16 643
948 821
596 940
262 410
712 628
864 947
523 378
609 256
473 301
664 330
378 127
510 317
790 597
331 211
542 327
761 966
5 368
986 327
483 549
388 771
875 58
971 493
433 558
118 170
643 470
47 470
523 1038
509 321
29 164
320 224
149 651
267 274
114 687
489 848
222 6
897 577
1016 433
123 491
325 1045
101 162
977 372
970 410
402 541
321 313
572 399
863 277
743 766
538 864
491 343
736 252
756 842
927 60
944 502
1055 516
1017 838
188 791
99 590
604 497
601 860
871 15
1052 722
103 108
129 297
482 496
783 189
22 234
103 776
685 239
1062 823
656 571
161 584
789 504
873 875
970 193
441 379
39 899
1003 674
872 1023
868 361
640 685
81 66
374 242
282 129
847 575
908 980
156 42
1017 742
997 462
922 465
520 135
689 745
227 421
443 929
800 680
607 346
521 893
487 820
896 1049
939 737
704 662
1068 1000
510 414
659 944
281 423
167 895
472 737
238 57
491 210
1058 863
269 781
106 592
965 1029
1029 351
176 5
363 742
304 557
195 684
895 608
706 210
873 646
676 456
439 745
311 500
873 926
227 830
1050 13
942 138
293 482
298 534
837 983
569 316
1018 608
391 226
598 1072
1057 293
956 1012
240 943
741 637
795 510
180 833
339 572
456 285
855 20
227 358
976 541
486 295
1002 557
96 266
765 540
751 683
413 96
952 54
497 745
206 1060
733 460
707 628
384 477
540 1056
268 835
318 115
71 23
511 785
255 183
1013 1004
960 390
559 388
1031 624
240 834
820 356
336 123
588 568
477 506
457 622
19 126
46 30
385 991
1033 1026
965 189
1045 84
912 175
218 924
192 470
674 201
1068 463
702 934
464 186
16 533
866 610
513 741
515 1046
723 445
846 310
203 989
168 140
577 62
640 56
839 290
407 108
86 794
508 614
682 417
329 454
458 894
392 627
603 172
753 681
540 1002
928 26
912 422
486 419
463 234
636 239
130 410
899 362
1059 672
465 1011
616 788
80 609
982 766
511 751
385 415
468 201
51 753
718 700
426 548
1002 983
892 206
470 492
56 96
837 802
168 360
636 603
408 1057
785 875
25 899
135 961
527 393
113 89
715 87
945 773
122 224
482 950
583 707
732 103
827 235
222 679
324 473
305 209
401 764
812 952
778 368
811 611
579 421
200 626
751 338
891 600
581 602
715 257
75 843
581 756
317 847
1025 841
1039 453
229 539
826 133
44 289
739 82
420 319
820 365
328 176
611 858
965 1001
1052 775
738 613
500 754
144 271
65 105
767 375
107 722
372 855
1033 42
753 813
767 223
819 992
467 258
991 1000
289 616
120 383
936 834
244 425
159 183
236 767
380 1025
545 296
1054 510
28 185
991 128
307 550
278 175
573 544
512 706
848 151
640 859
774 1039
811 900
498 925
666 558
363 165
470 618
630 448
358 757
357 617
189 104
1039 494
717 401
857 496
725 678
15 687
33 802
336 4
620 152
484 785
469 382
206 849
913 835
1027 808
163 284
885 394
416 754
196 330
571 659
327 949
301 32
673 561
137 878
459 869
278 687
515 322
607 923
1011 779
456 792
1056 4
681 983
182 1061
234 144
859 729
355 310
444 253
386 266
502 1052
222 782
83 442
833 620
229 875
653 746
778 813
224 62
550 269
914 177
942 499
194 526
739 1072
1003 269
474 152
148 804
460 328
881 913
983 755
753 593
603 612
631 288
66 826
193 115
704 1018
824 927
329 491
656 46
323 759
951 222
516 724
362 437
723 663
173 546
346 972
559 137
914 999
451 598
111 290
575 199
863 1011
965 839
41 105
61 461
1027 548
272 784
291 558
1069 765
48 775
1073 468
569 510
140 876
68 834
9 804
163 383
810 229
538 670
321 925
578 333
534 181
620 159
734 483
87 205
367 2
590 737
79 144
688 107
797 921
279 521
10 596
745 40
81 997
370 385
661 4
875 896
543 81
1045 66
861 75
762 391
315 209
158 889
962 715
565 531
768 949
653 470
341 250
724 451
748 993
482 332
613 294
350 792
61 85
233 606
407 167
109 33
1004 870
874 639
12 161
790 499
3 803
520 679
898 648
13 831
78 852
591 885
236 662
761 797
267 365
350 620
970 395
1044 629
1029 528
1065 771
137 375
468 845
402 78
591 921
521 967
319 978
942 60
919 424
520 946
872 958
458 736
711 92
93 137
770 32
699 775
273 4
955 638
475 906
751 398
965 522
956 324
384 362
212 522
165 720
1058 483
547 326
1053 745
410 162
1023 305
294 1001
200 178
848 797
697 801
640 922
616 456
127 731
745 8
473 412
442 147
277 456
551 425
862 425
331 1017
378 801
798 870
875 322
307 989
94 838
541 92
1065 980
444 990
312 685
29 669
431 3
904 341
392 343
893 950
263 912
691 624
862 735
905 334
683 805
898 316
905 576
737 1037
889 1032
368 1058
835 280
372 550
155 122
956 414
436 930
202 62
490 158
6 472
255 877
572 960
826 671
725 181
763 814
2 792
475 264
632 617
430 414
15 803
981 335
638 918
787 638
77 1020
806 188
928 294
772 396
508 2
419 832
1000 574
1000 1001
492 244
576 487
47 416
996 896
979 594
814 416
481 966
488 675
185 30
187 78
181 990
94 296
547 535
135 899
482 1039
741 601
528 402
1001 947
646 241
698 805
329 15
877 953
737 153
21 267
1072 773
1063 863
807 146
528 186
407 762
48 340
31 426
195 370
474 750
670 383
978 484
767 467
513 723
2 745
264 600
840 505
859 149
211 683
865 164
133 55
961 770
423 408
885 69
581 780
659 278
817 1042
919 940
416 206
426 928
241 277
254 491
1026 1013
1008 290
170 248
100 38
990 1017
932 1064
467 1043
694 286
1057 138
994 6
342 882
134 511
724 459
24 103
863 557
579 198
521 537
727 607
831 459
106 1006
448 941
234 888
654 94
906 463
559 805
420 387
531 941
